Read instance with 50 players, 25 conflicts, budget 500
Max iterations = 1000
Seed = 1
Initial solution has 31 teams.
(0) New solution found in LS: 28 teams.

========== Current Solution ==========
Total teams: 28

Team    Budget         Players (id:salary)
--------------------------------------------------
0       224            49, 
1       9              20, 23, 
2       12             33, 4, 
3       22             24, 6, 
4       1              41, 7, 
5       13             17, 22, 
6       1              48, 0, 
7       2              5, 42, 
8       7              2, 40, 
9       2              11, 36, 
10      5              43, 1, 
11      227            46, 
12      5              35, 9, 
13      15             26, 8, 
14      2              44, 3, 
15      226            47, 
16      3              34, 12, 
17      1              38, 10, 
18      1              27, 21, 
19      236            37, 
20      228            45, 
21      2              29, 18, 
22      8              25, 16, 
23      4              32, 13, 
24      5              30, 14, 
25      3              31, 15, 
26      2              28, 19, 
27      234            39, 
======================================
(0.001) New solution found in LS: 27 teams.

========== Current Solution ==========
Total teams: 27

Team    Budget         Players (id:salary)
--------------------------------------------------
0       224            49, 
1       1              23, 25, 
2       2              46, 1, 
3       12             24, 16, 
4       1              7, 41, 
5       13             17, 22, 
6       1              48, 0, 
7       11             5, 33, 
8       7              40, 2, 
9       2              36, 11, 
10      2              43, 4, 
11      8              35, 6, 
12      2              8, 39, 
13      2              44, 3, 
14      3              34, 12, 
15      1              38, 10, 
16      1              21, 27, 
17      3              37, 9, 
18      228            45, 
19      2              29, 18, 
20      226            47, 
21      4              32, 13, 
22      5              14, 30, 
23      3              31, 15, 
24      2              19, 28, 
25      231            42, 
26      3              20, 26, 
======================================

Time limit of 300s reached.

ILS finished after 1119809 iterations.
Final solution uses 27 teams.
