500
116 215
4
49
52
53
55
55
55
55
55
57
57
57
59
62
62
63
64
64
66
67
67
70
71
75
75
75
77
77
78
78
78
79
82
84
85
87
89
89
90
91
92
93
93
95
96
97
98
98
99
99
100
101
102
102
103
103
105
106
108
110
110
112
112
112
112
114
117
118
120
121
121
122
122
125
125
126
127
128
129
130
132
132
137
137
137
140
140
141
141
142
146
146
146
146
147
148
149
150
150
151
151
151
153
153
156
156
156
157
157
158
160
161
165
165
166
166
1 17
1 69
1 92
1 115
2 7
2 70
2 75
2 98
3 9
3 15
3 114
3 116
4 18
4 59
4 77
4 96
5 6
5 45
5 83
5 109
6 45
6 83
6 109
7 70
7 75
7 98
8 26
8 28
8 85
8 107
9 15
9 114
9 116
10 11
10 27
10 37
10 48
10 72
11 27
11 37
11 48
11 72
12 32
12 36
12 84
12 86
13 52
13 53
13 63
13 76
14 82
14 88
14 113
15 114
15 116
16 24
16 40
16 74
16 93
17 69
17 92
17 115
18 59
18 77
18 96
19 29
19 44
19 62
19 97
20 23
20 58
20 66
20 90
21 30
21 35
21 60
21 111
22 31
22 64
22 65
22 78
23 58
23 66
23 90
24 40
24 74
24 93
25 71
25 101
25 104
26 28
26 85
26 107
27 37
27 48
27 72
28 85
28 107
29 44
29 62
29 97
30 35
30 60
30 111
31 64
31 65
31 78
32 36
32 84
32 86
33 43
33 54
33 57
33 68
34 61
34 99
34 106
35 60
35 111
36 84
36 86
37 48
37 72
38 42
38 108
38 112
39 79
39 87
39 89
40 74
40 93
41 56
41 95
41 110
42 108
42 112
43 54
43 57
43 68
44 62
44 97
45 83
45 109
46 73
46 80
46 102
47 55
47 91
47 103
48 72
49 50
49 94
49 105
50 94
50 105
51 67
51 81
51 100
52 53
52 63
52 76
53 63
53 76
54 57
54 68
55 91
55 103
56 95
56 110
57 68
58 66
58 90
59 77
59 96
60 111
61 99
61 106
62 97
63 76
64 65
64 78
65 78
66 90
67 81
67 100
69 92
69 115
70 75
70 98
71 101
71 104
73 80
73 102
74 93
75 98
77 96
79 87
79 89
80 102
81 100
82 88
82 113
83 109
84 86
85 107
87 89
88 113
91 103
92 115
94 105
95 110
99 106
101 104
108 112
114 116
