1000
240 466
39
59
66
72
94
100
100
100
101
102
103
103
104
104
105
106
109
110
110
111
113
113
113
115
115
117
118
118
118
119
119
119
120
120
125
125
126
126
127
130
130
131
131
133
135
136
137
138
138
139
139
140
141
143
146
146
147
148
149
149
150
150
153
156
156
156
157
158
158
159
159
164
164
166
167
168
169
169
169
171
171
174
174
175
176
176
176
178
179
180
181
181
182
183
183
183
184
185
186
186
186
189
191
192
192
192
192
193
193
194
195
195
196
196
196
197
198
201
201
202
202
203
203
204
204
209
210
211
211
213
215
215
215
217
217
218
219
227
227
227
228
228
228
229
229
234
236
239
242
242
243
243
243
243
245
245
247
247
247
248
248
248
248
248
248
249
250
251
254
256
256
260
260
261
263
263
265
267
267
267
268
269
270
271
273
274
274
275
275
276
276
277
277
277
277
281
281
282
282
284
285
287
288
288
292
294
296
297
297
298
302
302
302
302
303
303
305
309
310
314
319
320
321
322
322
322
323
324
327
328
328
328
329
330
330
331
331
332
332
333
1 9
1 39
1 93
1 144
1 225
2 207
2 226
2 227
3 192
3 230
3 233
4 60
4 142
4 176
4 204
5 24
5 97
5 190
5 236
6 26
6 27
6 38
6 53
6 96
6 132
7 22
7 136
7 179
7 213
8 19
8 147
8 173
8 206
9 39
9 93
9 144
9 225
10 81
10 130
10 148
10 189
11 105
11 118
11 138
11 193
12 49
12 73
12 178
12 231
13 74
13 113
13 124
13 234
14 36
14 128
14 168
14 218
15 21
15 75
15 198
15 240
16 29
16 87
16 182
16 237
17 156
17 220
17 239
18 116
18 120
18 149
18 166
19 147
19 173
19 206
20 66
20 71
20 102
20 107
20 108
21 75
21 198
21 240
22 136
22 179
22 213
23 32
23 67
23 98
23 117
23 143
24 97
24 190
24 236
25 50
25 139
25 152
25 191
26 27
26 38
26 53
26 96
26 132
27 38
27 53
27 96
27 132
28 183
28 212
28 219
29 87
29 182
29 237
30 45
30 133
30 167
30 197
31 54
31 109
31 175
31 199
32 67
32 98
32 117
32 143
33 83
33 90
33 115
33 235
34 79
34 88
34 171
34 195
35 61
35 94
35 174
35 196
36 128
36 168
36 218
37 46
37 146
37 160
37 170
38 53
38 96
38 132
39 93
39 144
39 225
40 65
40 78
40 154
40 214
41 89
41 112
41 164
41 165
42 91
42 103
42 151
42 169
43 59
43 127
43 150
43 181
44 153
44 217
44 221
45 133
45 167
45 197
46 146
46 160
46 170
47 57
47 121
47 129
47 216
48 77
48 122
48 137
48 184
49 73
49 178
49 231
50 139
50 152
50 191
51 56
51 62
51 180
51 210
52 106
52 110
52 145
52 155
53 96
53 132
54 109
54 175
54 199
55 185
55 200
55 209
56 62
56 180
56 210
57 121
57 129
57 216
58 86
58 111
58 114
58 201
59 127
59 150
59 181
60 142
60 176
60 204
61 94
61 174
61 196
62 180
62 210
63 80
63 92
63 158
63 161
64 134
64 215
64 228
65 78
65 154
65 214
66 71
66 102
66 107
66 108
67 98
67 117
67 143
68 141
68 202
68 229
69 159
69 186
69 223
70 99
70 100
70 125
70 177
71 102
71 107
71 108
72 140
72 194
72 238
73 178
73 231
74 113
74 124
74 234
75 198
75 240
76 157
76 203
76 208
77 122
77 137
77 184
78 154
78 214
79 88
79 171
79 195
80 92
80 158
80 161
81 130
81 148
81 189
82 85
82 95
82 104
82 188
83 90
83 115
83 235
84 123
84 211
84 222
85 95
85 104
85 188
86 111
86 114
86 201
87 182
87 237
88 171
88 195
89 112
89 164
89 165
90 115
90 235
91 103
91 151
91 169
92 158
92 161
93 144
93 225
94 174
94 196
95 104
95 188
96 132
97 190
97 236
98 117
98 143
99 100
99 125
99 177
100 125
100 177
101 163
101 187
101 205
102 107
102 108
103 151
103 169
104 188
105 118
105 138
105 193
106 110
106 145
106 155
107 108
109 175
109 199
110 145
110 155
111 114
111 201
112 164
112 165
113 124
113 234
114 201
115 235
116 120
116 149
116 166
117 143
118 138
118 193
119 135
119 172
119 224
120 149
120 166
121 129
121 216
122 137
122 184
123 211
123 222
124 234
125 177
126 131
126 162
126 232
127 150
127 181
128 168
128 218
129 216
130 148
130 189
131 162
131 232
133 167
133 197
134 215
134 228
135 172
135 224
136 179
136 213
137 184
138 193
139 152
139 191
140 194
140 238
141 202
141 229
142 176
142 204
144 225
145 155
146 160
146 170
147 173
147 206
148 189
149 166
150 181
151 169
152 191
153 217
153 221
154 214
156 220
156 239
157 203
157 208
158 161
159 186
159 223
160 170
162 232
163 187
163 205
164 165
167 197
168 218
171 195
172 224
173 206
174 196
175 199
176 204
178 231
179 213
180 210
182 237
183 212
183 219
185 200
185 209
186 223
187 205
190 236
192 230
192 233
194 238
198 240
200 209
202 229
203 208
207 226
207 227
211 222
212 219
215 228
217 221
220 239
226 227
230 233
