1000
100 50
449
450
451
452
453
454
455
456
457
458
459
460
461
462
463
464
465
466
467
468
469
470
471
472
473
474
475
476
477
478
479
480
481
482
483
484
485
486
487
488
489
490
491
492
493
494
495
496
497
498
502
503
504
505
506
507
508
509
510
511
512
513
514
515
516
517
518
519
520
521
522
523
524
525
526
527
528
529
530
531
532
533
534
535
536
537
538
539
540
541
542
543
544
545
546
547
548
549
550
551
1 100
2 99
3 98
4 97
5 96
6 95
7 94
8 93
9 92
10 91
11 90
12 89
13 88
14 87
15 86
16 85
17 84
18 83
19 82
20 81
21 80
22 79
23 78
24 77
25 76
26 75
27 74
28 73
29 72
30 71
31 70
32 69
33 68
34 67
35 66
36 65
37 64
38 63
39 62
40 61
41 60
42 59
43 58
44 57
45 56
46 55
47 54
48 53
49 52
50 51
