2000
471 891
47
67
78
86
88
99
104
109
118
176
190
190
195
195
200
201
201
206
209
211
211
211
211
213
213
215
215
216
219
220
221
222
223
226
227
227
227
228
229
230
230
230
231
234
234
234
236
236
237
237
238
240
240
241
242
245
245
245
246
247
248
248
249
251
255
255
255
255
257
258
258
260
260
262
264
266
266
267
270
272
273
273
274
274
275
275
275
275
276
277
281
282
283
283
286
287
288
289
290
290
290
291
292
295
296
297
297
298
298
299
299
302
302
305
305
308
311
312
318
320
321
322
322
322
323
324
325
326
327
329
329
330
331
331
331
333
334
335
335
335
336
337
340
340
341
343
344
346
347
348
349
351
352
352
353
353
353
354
355
355
355
356
357
357
359
359
360
361
362
366
367
368
369
369
370
371
374
375
375
377
377
378
378
379
382
382
382
382
383
384
387
387
387
388
388
389
390
390
391
391
393
394
398
398
401
401
401
402
403
404
405
406
406
409
410
410
410
411
412
413
413
413
415
417
417
420
421
421
423
424
424
424
426
426
426
426
428
429
431
432
433
433
433
436
437
437
438
439
442
443
445
446
447
448
450
453
454
456
456
457
458
458
458
458
460
463
463
464
465
465
465
465
466
466
466
466
467
468
470
470
471
473
473
473
474
475
477
478
481
481
482
485
487
488
488
489
489
489
492
493
494
497
497
497
498
498
499
501
502
502
504
505
505
507
509
509
509
510
512
512
512
515
517
517
518
519
519
519
520
520
520
522
523
523
524
524
526
526
526
527
527
527
529
531
533
533
535
538
538
539
539
540
541
541
541
542
543
545
546
546
547
547
548
548
548
549
551
551
553
554
556
558
558
560
561
562
564
566
567
568
568
571
571
571
573
574
574
574
576
576
576
576
578
578
579
579
580
581
581
583
585
586
586
587
588
590
590
591
593
593
594
594
595
599
600
600
601
601
601
602
605
606
607
608
609
610
610
611
612
612
612
614
615
619
626
627
628
628
629
631
633
633
634
634
635
635
636
639
639
639
642
645
646
646
648
651
651
653
655
655
655
656
657
658
658
660
662
663
664
664
666
1 140
1 285
1 290
1 468
2 16
2 377
2 378
2 420
3 96
3 230
3 361
3 469
4 139
4 251
4 334
4 428
5 199
5 218
5 260
5 458
6 20
6 110
6 169
6 262
6 382
7 49
7 296
7 327
7 457
8 31
8 232
8 408
8 459
9 98
9 281
9 343
9 409
10 109
10 303
10 314
10 332
11 36
11 187
11 357
11 465
12 28
12 71
12 126
12 300
12 328
13 212
13 252
13 286
13 288
14 372
14 434
14 438
15 57
15 143
15 395
15 447
16 377
16 378
16 420
17 72
17 147
17 362
17 455
18 352
18 424
18 454
19 38
19 59
19 60
19 326
19 367
20 110
20 169
20 262
20 382
21 30
21 266
21 330
21 402
22 121
22 195
22 315
22 384
23 33
23 102
23 142
23 236
23 321
24 349
24 412
24 461
25 53
25 73
25 141
25 179
25 392
26 90
26 279
26 280
26 380
27 150
27 235
27 284
27 348
28 71
28 126
28 300
28 328
29 117
29 263
29 298
29 333
30 266
30 330
30 402
31 232
31 408
31 459
32 85
32 250
32 319
32 364
33 102
33 142
33 236
33 321
34 87
34 249
34 336
34 345
35 186
35 189
35 206
35 423
36 187
36 357
36 465
37 136
37 137
37 308
37 421
38 59
38 60
38 326
38 367
39 94
39 274
39 311
39 325
40 55
40 79
40 84
40 196
40 413
41 371
41 416
41 432
42 134
42 170
42 322
42 373
43 92
43 148
43 353
43 415
44 95
44 155
44 295
44 449
45 51
45 239
45 339
45 383
46 54
46 207
46 277
46 463
47 177
47 213
47 244
47 365
48 101
48 171
48 306
48 425
49 296
49 327
49 457
50 76
50 160
50 366
50 410
51 239
51 339
51 383
52 62
52 253
52 287
52 405
53 73
53 141
53 179
53 392
54 207
54 277
54 463
55 79
55 84
55 196
55 413
56 128
56 190
56 268
56 398
57 143
57 395
57 447
58 63
58 77
58 397
58 466
59 60
59 326
59 367
60 326
60 367
61 65
61 75
61 80
61 114
61 462
62 253
62 287
62 405
63 77
63 397
63 466
64 341
64 374
64 467
65 75
65 80
65 114
65 462
66 99
66 192
66 210
66 470
67 70
67 219
67 238
67 453
68 167
68 173
68 193
68 439
69 132
69 157
69 254
69 429
70 219
70 238
70 453
71 126
71 300
71 328
72 147
72 362
72 455
73 141
73 179
73 392
74 221
74 222
74 257
74 264
75 80
75 114
75 462
76 160
76 366
76 410
77 397
77 466
78 116
78 208
78 243
78 407
79 84
79 196
79 413
80 114
80 462
81 323
81 389
81 443
82 91
82 149
82 242
82 471
83 269
83 437
83 441
84 196
84 413
85 250
85 319
85 364
86 104
86 112
86 340
86 417
87 249
87 336
87 345
88 168
88 174
88 259
88 351
89 175
89 180
89 182
89 414
90 279
90 280
90 380
91 149
91 242
91 471
92 148
92 353
92 415
93 191
93 227
93 256
93 258
94 274
94 311
94 325
95 155
95 295
95 449
96 230
96 361
96 469
97 133
97 159
97 172
97 464
98 281
98 343
98 409
99 192
99 210
99 470
100 119
100 161
100 216
100 436
101 171
101 306
101 425
102 142
102 236
102 321
103 115
103 183
103 299
103 346
104 112
104 340
104 417
105 335
105 370
105 435
106 152
106 233
106 240
106 301
107 246
107 440
107 446
108 120
108 176
108 310
108 316
109 303
109 314
109 332
110 169
110 262
110 382
111 278
111 411
111 450
112 340
112 417
113 129
113 154
113 282
113 360
114 462
115 183
115 299
115 346
116 208
116 243
116 407
117 263
117 298
117 333
118 205
118 214
118 220
118 270
119 161
119 216
119 436
120 176
120 310
120 316
121 195
121 315
121 384
122 224
122 427
122 456
123 156
123 166
123 197
123 390
124 276
124 379
124 452
125 344
125 358
125 418
126 300
126 328
127 164
127 201
127 234
127 307
128 190
128 268
128 398
129 154
129 282
129 360
130 356
130 368
130 393
131 313
131 396
131 404
132 157
132 254
132 429
133 159
133 172
133 464
134 170
134 322
134 373
135 342
135 381
135 388
136 137
136 308
136 421
137 308
137 421
138 294
138 347
138 451
139 251
139 334
139 428
140 285
140 290
140 468
141 179
141 392
142 236
142 321
143 395
143 447
144 162
144 228
144 241
144 255
145 245
145 400
145 448
146 151
146 184
146 198
146 350
147 362
147 455
148 353
148 415
149 242
149 471
150 235
150 284
150 348
151 184
151 198
151 350
152 233
152 240
152 301
153 312
153 376
153 399
154 282
154 360
155 295
155 449
156 166
156 197
156 390
157 254
157 429
158 338
158 359
158 386
159 172
159 464
160 366
160 410
161 216
161 436
162 228
162 241
162 255
163 194
163 209
163 231
163 237
164 201
164 234
164 307
165 293
165 363
165 422
166 197
166 390
167 173
167 193
167 439
168 174
168 259
168 351
169 262
169 382
170 322
170 373
171 306
171 425
172 464
173 193
173 439
174 259
174 351
175 180
175 182
175 414
176 310
176 316
177 213
177 244
177 365
178 305
178 320
178 433
179 392
180 182
180 414
181 223
181 387
181 444
182 414
183 299
183 346
184 198
184 350
185 271
185 354
185 430
186 189
186 206
186 423
187 357
187 465
188 248
188 394
188 419
189 206
189 423
190 268
190 398
191 227
191 256
191 258
192 210
192 470
193 439
194 209
194 231
194 237
195 315
195 384
196 413
197 390
198 350
199 218
199 260
199 458
200 265
200 385
200 391
201 234
201 307
202 215
202 355
202 460
203 273
203 337
203 426
204 302
204 331
204 401
205 214
205 220
205 270
206 423
207 277
207 463
208 243
208 407
209 231
209 237
210 470
211 261
211 309
211 445
212 252
212 286
212 288
213 244
213 365
214 220
214 270
215 355
215 460
216 436
217 225
217 375
217 431
218 260
218 458
219 238
219 453
220 270
221 222
221 257
221 264
222 257
222 264
223 387
223 444
224 427
224 456
225 375
225 431
226 283
226 324
226 406
227 256
227 258
228 241
228 255
229 291
229 317
229 403
230 361
230 469
231 237
232 408
232 459
233 240
233 301
234 307
235 284
235 348
236 321
238 453
239 339
239 383
240 301
241 255
242 471
243 407
244 365
245 400
245 448
246 440
246 446
247 267
247 275
247 442
248 394
248 419
249 336
249 345
250 319
250 364
251 334
251 428
252 286
252 288
253 287
253 405
254 429
256 258
257 264
259 351
260 458
261 309
261 445
262 382
263 298
263 333
265 385
265 391
266 330
266 402
267 275
267 442
268 398
269 437
269 441
271 354
271 430
272 292
272 304
272 369
273 337
273 426
274 311
274 325
275 442
276 379
276 452
277 463
278 411
278 450
279 280
279 380
280 380
281 343
281 409
282 360
283 324
283 406
284 348
285 290
285 468
286 288
287 405
289 297
289 318
289 329
290 468
291 317
291 403
292 304
292 369
293 363
293 422
294 347
294 451
295 449
296 327
296 457
297 318
297 329
298 333
299 346
300 328
302 331
302 401
303 314
303 332
304 369
305 320
305 433
306 425
308 421
309 445
310 316
311 325
312 376
312 399
313 396
313 404
314 332
315 384
317 403
318 329
319 364
320 433
322 373
323 389
323 443
324 406
326 367
327 457
330 402
331 401
334 428
335 370
335 435
336 345
337 426
338 359
338 386
339 383
340 417
341 374
341 467
342 381
342 388
343 409
344 358
344 418
347 451
349 412
349 461
352 424
352 454
353 415
354 430
355 460
356 368
356 393
357 465
358 418
359 386
361 469
362 455
363 422
366 410
368 393
370 435
371 416
371 432
372 434
372 438
374 467
375 431
376 399
377 378
377 420
378 420
379 452
381 388
385 391
387 444
389 443
394 419
395 447
396 404
397 466
400 448
408 459
411 450
412 461
416 432
424 454
427 456
434 438
437 441
440 446
