4000
934 1755
109
120
154
201
234
237
273
280
287
297
308
339
339
342
350
353
365
367
379
391
397
400
402
403
405
406
407
408
410
410
410
411
412
412
412
413
416
416
416
419
419
420
421
422
423
423
424
424
425
426
427
427
430
432
432
434
435
435
437
438
438
439
440
441
443
443
443
443
444
444
444
445
450
452
452
452
453
453
454
454
454
456
456
458
459
459
459
460
461
461
463
464
465
466
466
469
470
470
473
473
474
474
476
476
479
480
485
485
490
490
490
491
491
494
496
496
497
498
499
499
499
501
502
503
504
505
506
506
507
508
509
510
512
517
518
519
520
521
525
525
528
529
530
531
532
532
535
538
539
540
540
541
541
542
545
546
547
548
549
550
551
551
552
553
556
557
562
563
565
565
565
565
566
566
567
568
569
569
570
570
572
572
573
573
573
576
577
578
579
581
581
583
583
584
584
584
585
585
585
586
587
588
591
593
593
594
595
595
595
597
597
598
599
600
600
600
601
602
603
604
605
608
611
611
614
615
616
620
620
621
622
623
623
627
627
628
629
629
630
630
632
632
633
633
635
635
638
638
639
639
641
641
642
643
644
646
648
649
650
651
654
655
655
655
657
657
658
658
658
658
661
661
665
666
666
669
670
670
671
673
675
675
676
676
677
679
682
683
684
686
687
687
687
688
688
689
689
691
693
694
695
695
700
701
701
702
702
703
706
706
706
707
707
709
709
712
712
713
713
713
715
715
715
715
716
716
716
718
718
718
719
719
719
720
721
723
724
724
727
727
728
729
732
733
734
736
736
736
738
739
740
743
744
744
745
746
747
747
755
755
755
757
757
760
761
761
765
768
769
770
770
770
773
773
774
774
775
776
776
778
778
780
781
782
783
783
784
784
784
784
785
787
787
789
790
790
791
793
794
794
796
796
797
797
802
802
802
803
805
806
806
807
807
808
810
811
811
812
813
814
814
815
815
816
817
818
819
820
820
820
821
823
823
826
827
827
828
828
829
829
832
833
833
833
833
834
835
840
841
841
841
842
843
844
845
846
846
846
848
848
850
851
853
853
855
855
855
857
858
859
861
861
862
864
864
868
868
869
870
871
872
872
873
874
874
875
875
876
878
878
878
879
879
880
883
883
883
884
886
887
887
887
889
890
890
890
891
893
895
896
896
896
897
899
900
900
901
903
905
909
909
910
910
912
912
917
917
919
919
921
924
929
930
932
932
933
936
937
938
939
939
940
940
940
940
940
942
942
943
946
947
947
947
948
949
949
950
951
952
952
952
953
954
955
955
956
956
959
959
961
962
963
963
964
964
966
966
966
968
969
969
970
971
975
977
978
980
983
985
986
986
986
987
988
989
989
989
990
991
991
993
995
997
997
998
999
1002
1003
1004
1004
1005
1006
1006
1008
1009
1009
1009
1010
1011
1011
1012
1015
1018
1019
1020
1020
1022
1023
1023
1024
1024
1025
1025
1027
1027
1028
1029
1029
1030
1033
1034
1035
1037
1038
1038
1040
1040
1040
1040
1040
1042
1043
1043
1045
1046
1046
1047
1047
1048
1051
1056
1057
1057
1058
1058
1060
1061
1062
1062
1062
1064
1065
1065
1065
1066
1066
1068
1068
1071
1071
1072
1073
1074
1076
1077
1080
1080
1081
1082
1083
1083
1084
1086
1086
1088
1089
1089
1092
1093
1093
1093
1095
1096
1097
1099
1100
1100
1100
1100
1101
1102
1104
1109
1110
1111
1115
1116
1116
1117
1117
1118
1118
1118
1120
1120
1120
1121
1122
1123
1125
1127
1128
1129
1131
1131
1132
1132
1134
1138
1138
1139
1140
1140
1141
1141
1143
1145
1146
1146
1146
1147
1147
1149
1149
1149
1151
1152
1153
1154
1154
1157
1157
1159
1159
1160
1162
1164
1165
1166
1166
1167
1169
1169
1170
1171
1172
1172
1173
1177
1179
1180
1180
1184
1185
1185
1186
1188
1188
1189
1191
1191
1191
1192
1195
1198
1198
1199
1200
1200
1201
1201
1201
1202
1202
1202
1203
1203
1206
1206
1206
1207
1211
1212
1215
1217
1218
1218
1218
1220
1220
1223
1223
1223
1224
1224
1224
1230
1230
1231
1232
1232
1232
1233
1235
1236
1237
1237
1237
1239
1239
1240
1241
1242
1243
1245
1248
1250
1251
1252
1252
1253
1253
1254
1254
1257
1257
1258
1258
1259
1263
1265
1265
1267
1268
1269
1269
1269
1269
1270
1272
1272
1272
1274
1274
1274
1274
1276
1277
1277
1279
1279
1279
1280
1281
1283
1285
1286
1287
1288
1290
1291
1292
1295
1296
1297
1298
1301
1302
1303
1305
1305
1307
1308
1308
1311
1311
1311
1313
1314
1315
1316
1316
1317
1317
1317
1319
1319
1321
1321
1322
1323
1325
1325
1326
1326
1327
1327
1327
1330
1332
1333
1333
1333
1333
1 393
1 450
1 538
1 925
2 85
2 141
2 283
2 506
2 927
3 858
3 866
3 916
4 785
4 897
4 908
5 808
5 864
5 892
6 121
6 628
6 629
6 818
7 208
7 402
7 733
7 811
8 99
8 386
8 784
8 880
9 60
9 439
9 794
9 848
10 165
10 358
10 771
10 833
11 30
11 345
11 845
11 899
12 102
12 567
12 707
12 735
13 111
13 171
13 225
13 457
13 750
14 245
14 391
14 519
14 931
15 281
15 360
15 689
15 740
16 127
16 590
16 609
16 756
17 206
17 570
17 627
17 665
18 32
18 128
18 182
18 433
18 919
19 219
19 532
19 581
19 725
20 217
20 427
20 678
20 727
21 698
21 828
21 884
22 53
22 162
22 240
22 556
22 649
23 52
23 278
23 292
23 467
23 568
24 89
24 320
24 799
24 823
25 49
25 108
25 263
25 566
25 683
26 92
26 436
26 738
26 772
27 157
27 346
27 664
27 849
28 137
28 248
28 723
28 912
29 51
29 145
29 197
29 434
29 819
30 345
30 845
30 899
31 342
31 409
31 546
31 717
32 128
32 182
32 433
32 919
33 603
33 885
33 903
34 117
34 459
34 711
34 744
35 221
35 329
35 584
35 890
36 227
36 375
36 659
36 753
37 399
37 400
37 583
37 632
38 310
38 337
38 611
38 754
39 76
39 307
39 716
39 910
40 309
40 316
40 510
40 863
41 166
41 508
41 674
41 675
42 355
42 493
42 553
42 617
43 75
43 212
43 364
43 429
43 555
44 205
44 562
44 608
44 638
45 543
45 905
45 924
46 59
46 352
46 768
46 830
47 291
47 476
47 615
47 621
48 239
48 460
48 606
48 705
49 108
49 263
49 566
49 683
50 662
50 809
50 906
51 145
51 197
51 434
51 819
52 278
52 292
52 467
52 568
53 162
53 240
53 556
53 649
54 135
54 359
54 661
54 839
55 80
55 177
55 234
55 365
55 761
56 192
56 274
56 306
56 392
56 438
57 265
57 405
57 595
57 719
58 297
58 470
58 491
58 741
59 352
59 768
59 830
60 439
60 794
60 848
61 67
61 259
61 285
61 367
61 635
62 129
62 394
62 728
62 746
63 68
63 582
63 622
63 737
64 260
64 340
64 588
64 796
65 150
65 299
65 690
65 842
66 94
66 142
66 417
66 473
66 503
67 259
67 285
67 367
67 635
68 582
68 622
68 737
69 204
69 481
69 599
69 706
70 201
70 469
70 648
70 679
71 305
71 443
71 486
71 752
72 236
72 382
72 601
72 760
73 524
73 901
73 934
74 218
74 472
74 551
74 739
75 212
75 364
75 429
75 555
76 307
76 716
76 910
77 96
77 98
77 284
77 420
77 722
78 100
78 497
78 702
78 703
79 146
79 446
79 571
79 816
80 177
80 234
80 365
80 761
81 643
81 838
81 871
82 152
82 159
82 184
82 269
82 822
83 158
83 421
83 575
83 817
84 376
84 415
84 559
84 612
85 141
85 283
85 506
85 927
86 148
86 426
86 654
86 743
87 244
87 381
87 502
87 844
88 319
88 442
88 484
88 726
89 320
89 799
89 823
90 144
90 477
90 561
90 788
91 140
91 552
91 594
91 685
92 436
92 738
92 772
93 398
93 414
93 478
93 673
94 142
94 417
94 473
94 503
95 677
95 745
95 922
96 98
96 284
96 420
96 722
97 602
97 805
97 933
98 284
98 420
98 722
99 386
99 784
99 880
100 497
100 702
100 703
101 200
101 347
101 630
101 781
102 567
102 707
102 735
103 596
103 857
103 878
104 160
104 270
104 762
104 764
105 344
105 354
105 371
105 875
106 231
106 256
106 626
106 832
107 253
107 275
107 300
107 351
107 373
108 263
108 566
108 683
109 593
109 834
109 889
110 163
110 411
110 514
110 852
111 171
111 225
111 457
111 750
112 412
112 471
112 504
112 558
113 133
113 407
113 586
113 815
114 591
114 813
114 904
115 250
115 264
115 614
115 804
116 215
116 454
116 494
116 782
117 459
117 711
117 744
118 126
118 523
118 542
118 751
119 147
119 321
119 668
119 789
120 282
120 474
120 549
120 624
121 628
121 629
121 818
122 315
122 485
122 525
122 610
123 130
123 463
123 515
123 836
124 418
124 453
124 511
124 550
125 198
125 257
125 268
125 378
125 440
126 523
126 542
126 751
127 590
127 609
127 756
128 182
128 433
128 919
129 394
129 728
129 746
130 463
130 515
130 836
131 209
131 331
131 695
131 697
132 180
132 196
132 229
132 430
132 512
133 407
133 586
133 815
134 189
134 272
134 537
134 902
135 359
135 661
135 839
136 237
136 498
136 540
136 637
137 248
137 723
137 912
138 565
138 859
138 861
139 560
139 791
139 930
140 552
140 594
140 685
141 283
141 506
141 927
142 417
142 473
142 503
143 267
143 422
143 530
143 684
144 477
144 561
144 788
145 197
145 434
145 819
146 446
146 571
146 816
147 321
147 668
147 789
148 426
148 654
148 743
149 496
149 856
149 918
150 299
150 690
150 842
151 539
151 825
151 896
152 159
152 184
152 269
152 822
153 720
153 773
153 778
154 564
154 821
154 883
155 534
155 810
155 914
156 499
156 850
156 911
157 346
157 664
157 849
158 421
158 575
158 817
159 184
159 269
159 822
160 270
160 762
160 764
161 579
161 829
161 847
162 240
162 556
162 649
163 411
163 514
163 852
164 682
164 763
164 814
165 358
165 771
165 833
166 508
166 674
166 675
167 461
167 873
167 909
168 290
168 327
168 462
168 783
169 336
169 350
169 533
169 652
170 222
170 254
170 261
170 332
170 416
171 225
171 457
171 750
172 258
172 288
172 444
172 869
173 357
173 441
173 479
173 589
174 188
174 271
174 294
174 349
174 369
175 296
175 304
175 325
175 926
176 326
176 334
176 363
176 840
177 234
177 365
177 761
178 286
178 374
178 529
178 666
179 544
179 787
179 898
180 196
180 229
180 430
180 512
181 214
181 318
181 428
181 893
182 433
182 919
183 228
183 468
183 522
183 646
184 269
184 822
185 605
185 758
185 877
186 356
186 368
186 425
186 699
187 213
187 280
187 672
187 693
188 271
188 294
188 349
188 369
189 272
189 537
189 902
190 210
190 301
190 500
190 841
191 651
191 658
191 929
192 274
192 306
192 392
192 438
193 676
193 777
193 780
194 451
194 851
194 920
195 650
195 687
195 894
196 229
196 430
196 512
197 434
197 819
198 257
198 268
198 378
198 440
199 475
199 831
199 917
200 347
200 630
200 781
201 469
201 648
201 679
202 255
202 289
202 531
202 765
203 287
203 366
203 554
203 623
204 481
204 599
204 706
205 562
205 608
205 638
206 570
206 627
206 665
207 226
207 230
207 490
207 891
208 402
208 733
208 811
209 331
209 695
209 697
210 301
210 500
210 841
211 669
211 742
211 801
212 364
212 429
212 555
213 280
213 672
213 693
214 318
214 428
214 893
215 454
215 494
215 782
216 578
216 713
216 923
217 427
217 678
217 727
218 472
218 551
218 739
219 532
219 581
219 725
220 380
220 396
220 521
220 528
221 329
221 584
221 890
222 254
222 261
222 332
222 416
223 370
223 887
223 932
224 249
224 435
224 526
224 613
225 457
225 750
226 230
226 490
226 891
227 375
227 659
227 753
228 468
228 522
228 646
229 430
229 512
230 490
230 891
231 256
231 626
231 832
232 616
232 691
232 886
233 235
233 383
233 413
233 766
234 365
234 761
235 383
235 413
235 766
236 382
236 601
236 760
237 498
237 540
237 637
238 620
238 688
238 882
239 460
239 606
239 705
240 556
240 649
241 452
241 807
241 921
242 592
242 680
242 907
243 252
243 303
243 335
243 900
244 381
244 502
244 844
245 391
245 519
245 931
246 348
246 432
246 483
246 536
247 277
247 362
247 513
247 644
248 723
248 912
249 435
249 526
249 613
250 264
250 614
250 804
251 466
251 827
251 874
252 303
252 335
252 900
253 275
253 300
253 351
253 373
254 261
254 332
254 416
255 289
255 531
255 765
256 626
256 832
257 268
257 378
257 440
258 288
258 444
258 869
259 285
259 367
259 635
260 340
260 588
260 796
261 332
261 416
262 607
262 655
262 895
263 566
263 683
264 614
264 804
265 405
265 595
265 719
266 663
266 708
266 786
267 422
267 530
267 684
268 378
268 440
269 822
270 762
270 764
271 294
271 349
271 369
272 537
272 902
273 480
273 800
273 860
274 306
274 392
274 438
275 300
275 351
275 373
276 645
276 701
276 798
277 362
277 513
277 644
278 292
278 467
278 568
279 328
279 437
279 495
279 516
280 672
280 693
281 360
281 689
281 740
282 474
282 549
282 624
283 506
283 927
284 420
284 722
285 367
285 635
286 374
286 529
286 666
287 366
287 554
287 623
288 444
288 869
289 531
289 765
290 327
290 462
290 783
291 476
291 615
291 621
292 467
292 568
293 577
293 731
293 820
294 349
294 369
295 311
295 397
295 487
295 545
296 304
296 325
296 926
297 470
297 491
297 741
298 569
298 640
298 915
299 690
299 842
300 351
300 373
301 500
301 841
302 423
302 812
302 881
303 335
303 900
304 325
304 926
305 443
305 486
305 752
306 392
306 438
307 716
307 910
308 573
308 734
308 806
309 316
309 510
309 863
310 337
310 611
310 754
311 397
311 487
311 545
312 547
312 704
312 853
313 572
313 732
313 803
314 600
314 671
314 835
315 485
315 525
315 610
316 510
316 863
317 431
317 795
317 865
318 428
318 893
319 442
319 484
319 726
320 799
320 823
321 668
321 789
322 548
322 757
322 790
323 656
323 670
323 779
324 597
324 730
324 775
325 926
326 334
326 363
326 840
327 462
327 783
328 437
328 495
328 516
329 584
329 890
330 447
330 774
330 879
331 695
331 697
332 416
333 527
333 718
333 846
334 363
334 840
335 900
336 350
336 533
336 652
337 611
337 754
338 424
338 792
338 868
339 507
339 747
339 837
340 588
340 796
341 520
341 767
341 797
342 409
342 546
342 717
343 639
343 681
343 770
344 354
344 371
344 875
345 845
345 899
346 664
346 849
347 630
347 781
348 432
348 483
348 536
349 369
350 533
350 652
351 373
352 768
352 830
353 489
353 759
353 824
354 371
354 875
355 493
355 553
355 617
356 368
356 425
356 699
357 441
357 479
357 589
358 771
358 833
359 661
359 839
360 689
360 740
361 509
361 755
361 802
362 513
362 644
363 840
364 429
364 555
365 761
366 554
366 623
367 635
368 425
368 699
370 887
370 932
371 875
372 482
372 700
372 862
374 529
374 666
375 659
375 753
376 415
376 559
376 612
377 501
377 660
377 888
378 440
379 541
379 667
379 826
380 396
380 521
380 528
381 502
381 844
382 601
382 760
383 413
383 766
384 641
384 692
384 709
385 557
385 710
385 769
386 784
386 880
387 465
387 712
387 855
388 419
388 694
388 913
389 604
389 657
389 776
390 445
390 715
390 872
391 519
391 931
392 438
393 450
393 538
393 925
394 728
394 746
395 576
395 598
395 854
396 521
396 528
397 487
397 545
398 414
398 478
398 673
399 400
399 583
399 632
400 583
400 632
401 580
401 696
401 748
402 733
402 811
403 449
403 724
403 843
404 517
404 714
404 793
405 595
405 719
406 633
406 634
406 749
407 586
407 815
408 458
408 631
408 928
409 546
409 717
410 492
410 653
410 870
411 514
411 852
412 471
412 504
412 558
413 766
414 478
414 673
415 559
415 612
417 473
417 503
418 453
418 511
418 550
419 694
419 913
420 722
421 575
421 817
422 530
422 684
423 812
423 881
424 792
424 868
425 699
426 654
426 743
427 678
427 727
428 893
429 555
430 512
431 795
431 865
432 483
432 536
433 919
434 819
435 526
435 613
436 738
436 772
437 495
437 516
439 794
439 848
441 479
441 589
442 484
442 726
443 486
443 752
444 869
445 715
445 872
446 571
446 816
447 774
447 879
448 535
448 563
448 876
449 724
449 843
450 538
450 925
451 851
451 920
452 807
452 921
453 511
453 550
454 494
454 782
455 488
455 618
455 867
456 619
456 625
456 729
457 750
458 631
458 928
459 711
459 744
460 606
460 705
461 873
461 909
462 783
463 515
463 836
464 587
464 642
464 736
465 712
465 855
466 827
466 874
467 568
468 522
468 646
469 648
469 679
470 491
470 741
471 504
471 558
472 551
472 739
473 503
474 549
474 624
475 831
475 917
476 615
476 621
477 561
477 788
478 673
479 589
480 800
480 860
481 599
481 706
482 700
482 862
483 536
484 726
485 525
485 610
486 752
487 545
488 618
488 867
489 759
489 824
490 891
491 741
492 653
492 870
493 553
493 617
494 782
495 516
496 856
496 918
497 702
497 703
498 540
498 637
499 850
499 911
500 841
501 660
501 888
502 844
504 558
505 574
505 636
505 721
506 927
507 747
507 837
508 674
508 675
509 755
509 802
510 863
511 550
513 644
514 852
515 836
517 714
517 793
518 585
518 647
518 686
519 931
520 767
520 797
521 528
522 646
523 542
523 751
524 901
524 934
525 610
526 613
527 718
527 846
529 666
530 684
531 765
532 581
532 725
533 652
534 810
534 914
535 563
535 876
537 902
538 925
539 825
539 896
540 637
541 667
541 826
542 751
543 905
543 924
544 787
544 898
546 717
547 704
547 853
548 757
548 790
549 624
551 739
552 594
552 685
553 617
554 623
556 649
557 710
557 769
559 612
560 791
560 930
561 788
562 608
562 638
563 876
564 821
564 883
565 859
565 861
566 683
567 707
567 735
569 640
569 915
570 627
570 665
571 816
572 732
572 803
573 734
573 806
574 636
574 721
575 817
576 598
576 854
577 731
577 820
578 713
578 923
579 829
579 847
580 696
580 748
581 725
582 622
582 737
583 632
584 890
585 647
585 686
586 815
587 642
587 736
588 796
590 609
590 756
591 813
591 904
592 680
592 907
593 834
593 889
594 685
595 719
596 857
596 878
597 730
597 775
598 854
599 706
600 671
600 835
601 760
602 805
602 933
603 885
603 903
604 657
604 776
605 758
605 877
606 705
607 655
607 895
608 638
609 756
611 754
614 804
615 621
616 691
616 886
618 867
619 625
619 729
620 688
620 882
622 737
625 729
626 832
627 665
628 629
628 818
629 818
630 781
631 928
633 634
633 749
634 749
636 721
639 681
639 770
640 915
641 692
641 709
642 736
643 838
643 871
645 701
645 798
647 686
648 679
650 687
650 894
651 658
651 929
653 870
654 743
655 895
656 670
656 779
657 776
658 929
659 753
660 888
661 839
662 809
662 906
663 708
663 786
664 849
667 826
668 789
669 742
669 801
670 779
671 835
672 693
674 675
676 777
676 780
677 745
677 922
678 727
680 907
681 770
682 763
682 814
687 894
688 882
689 740
690 842
691 886
692 709
694 913
695 697
696 748
698 828
698 884
700 862
701 798
702 703
704 853
707 735
708 786
710 769
711 744
712 855
713 923
714 793
715 872
716 910
718 846
720 773
720 778
723 912
724 843
728 746
730 775
731 820
732 803
733 811
734 806
738 772
742 801
745 922
747 837
755 802
757 790
758 877
759 824
762 764
763 814
767 797
768 830
771 833
773 778
774 879
777 780
784 880
785 897
785 908
787 898
791 930
792 868
794 848
795 865
799 823
800 860
805 933
807 921
808 864
808 892
809 906
810 914
812 881
813 904
821 883
825 896
827 874
828 884
829 847
831 917
834 889
838 871
845 899
850 911
851 920
856 918
857 878
858 866
858 916
859 861
864 892
866 916
873 909
885 903
887 932
897 908
901 934
905 924
