4000
400 200
1799
1800
1801
1802
1803
1804
1805
1806
1807
1808
1809
1810
1811
1812
1813
1814
1815
1816
1817
1818
1819
1820
1821
1822
1823
1824
1825
1826
1827
1828
1829
1830
1831
1832
1833
1834
1835
1836
1837
1838
1839
1840
1841
1842
1843
1844
1845
1846
1847
1848
1849
1850
1851
1852
1853
1854
1855
1856
1857
1858
1859
1860
1861
1862
1863
1864
1865
1866
1867
1868
1869
1870
1871
1872
1873
1874
1875
1876
1877
1878
1879
1880
1881
1882
1883
1884
1885
1886
1887
1888
1889
1890
1891
1892
1893
1894
1895
1896
1897
1898
1899
1900
1901
1902
1903
1904
1905
1906
1907
1908
1909
1910
1911
1912
1913
1914
1915
1916
1917
1918
1919
1920
1921
1922
1923
1924
1925
1926
1927
1928
1929
1930
1931
1932
1933
1934
1935
1936
1937
1938
1939
1940
1941
1942
1943
1944
1945
1946
1947
1948
1949
1950
1951
1952
1953
1954
1955
1956
1957
1958
1959
1960
1961
1962
1963
1964
1965
1966
1967
1968
1969
1970
1971
1972
1973
1974
1975
1976
1977
1978
1979
1980
1981
1982
1983
1984
1985
1986
1987
1988
1989
1990
1991
1992
1993
1994
1995
1996
1997
1998
2002
2003
2004
2005
2006
2007
2008
2009
2010
2011
2012
2013
2014
2015
2016
2017
2018
2019
2020
2021
2022
2023
2024
2025
2026
2027
2028
2029
2030
2031
2032
2033
2034
2035
2036
2037
2038
2039
2040
2041
2042
2043
2044
2045
2046
2047
2048
2049
2050
2051
2052
2053
2054
2055
2056
2057
2058
2059
2060
2061
2062
2063
2064
2065
2066
2067
2068
2069
2070
2071
2072
2073
2074
2075
2076
2077
2078
2079
2080
2081
2082
2083
2084
2085
2086
2087
2088
2089
2090
2091
2092
2093
2094
2095
2096
2097
2098
2099
2100
2101
2102
2103
2104
2105
2106
2107
2108
2109
2110
2111
2112
2113
2114
2115
2116
2117
2118
2119
2120
2121
2122
2123
2124
2125
2126
2127
2128
2129
2130
2131
2132
2133
2134
2135
2136
2137
2138
2139
2140
2141
2142
2143
2144
2145
2146
2147
2148
2149
2150
2151
2152
2153
2154
2155
2156
2157
2158
2159
2160
2161
2162
2163
2164
2165
2166
2167
2168
2169
2170
2171
2172
2173
2174
2175
2176
2177
2178
2179
2180
2181
2182
2183
2184
2185
2186
2187
2188
2189
2190
2191
2192
2193
2194
2195
2196
2197
2198
2199
2200
2201
1 400
2 399
3 398
4 397
5 396
6 395
7 394
8 393
9 392
10 391
11 390
12 389
13 388
14 387
15 386
16 385
17 384
18 383
19 382
20 381
21 380
22 379
23 378
24 377
25 376
26 375
27 374
28 373
29 372
30 371
31 370
32 369
33 368
34 367
35 366
36 365
37 364
38 363
39 362
40 361
41 360
42 359
43 358
44 357
45 356
46 355
47 354
48 353
49 352
50 351
51 350
52 349
53 348
54 347
55 346
56 345
57 344
58 343
59 342
60 341
61 340
62 339
63 338
64 337
65 336
66 335
67 334
68 333
69 332
70 331
71 330
72 329
73 328
74 327
75 326
76 325
77 324
78 323
79 322
80 321
81 320
82 319
83 318
84 317
85 316
86 315
87 314
88 313
89 312
90 311
91 310
92 309
93 308
94 307
95 306
96 305
97 304
98 303
99 302
100 301
101 300
102 299
103 298
104 297
105 296
106 295
107 294
108 293
109 292
110 291
111 290
112 289
113 288
114 287
115 286
116 285
117 284
118 283
119 282
120 281
121 280
122 279
123 278
124 277
125 276
126 275
127 274
128 273
129 272
130 271
131 270
132 269
133 268
134 267
135 266
136 265
137 264
138 263
139 262
140 261
141 260
142 259
143 258
144 257
145 256
146 255
147 254
148 253
149 252
150 251
151 250
152 249
153 248
154 247
155 246
156 245
157 244
158 243
159 242
160 241
161 240
162 239
163 238
164 237
165 236
166 235
167 234
168 233
169 232
170 231
171 230
172 229
173 228
174 227
175 226
176 225
177 224
178 223
179 222
180 221
181 220
182 219
183 218
184 217
185 216
186 215
187 214
188 213
189 212
190 211
191 210
192 209
193 208
194 207
195 206
196 205
197 204
198 203
199 202
200 201
