65088
1003 9913
58576
58568
58556
58550
58530
58502
58420
58408
58400
58376
58364
58358
58272
58258
58236
58216
58204
58184
58150
58148
58102
58066
58016
57992
57964
57936
57932
57874
57826
57824
57804
57800
57776
57757
57740
57704
57699
57698
57634
57588
57581
57506
57504
57442
57416
57410
57404
57393
57360
57268
57234
57224
57218
57212
57201
57184
57168
57154
57104
57058
57057
57032
56952
56916
56899
56866
56852
56800
56754
56714
56700
56656
56621
56542
56539
56508
56499
56420
56398
56376
56352
56280
56272
56263
56134
56120
56099
56088
56036
56016
56004
55997
55974
55972
55928
55792
55752
55712
55679
55654
55515
55494
55472
55452
55392
55376
55364
55323
55275
55240
55144
55078
55030
55008
54952
54814
54807
54806
54772
54771
54723
54704
54660
54656
54645
54608
54560
54456
54280
54266
54143
54083
54074
54051
53962
53924
53876
53808
53700
53680
53668
53661
53600
53594
53498
53492
53480
53448
53384
53310
53192
53173
53141
53049
52926
52896
52695
52688
52668
52560
52524
52448
52432
52394
52362
52168
52104
52071
52064
52032
52011
51963
51912
51906
51680
51508
51364
51191
51184
51130
51079
51056
50928
50840
50657
50656
50638
50632
50592
50300
50282
49836
49724
49718
49625
49613
49561
49449
49401
49376
49264
49257
49243
49136
49124
49096
49032
49008
48928
48912
48840
48614
48582
48534
48480
48438
47996
47927
47815
47658
47657
47276
47078
46960
46952
46920
46856
46832
46816
46664
46284
46025
45984
45913
45753
45446
45430
45414
45389
45382
45341
45334
45238
45147
45092
44652
44624
44496
44368
44328
44232
44200
44000
43808
43768
43636
43624
43245
43238
43062
43022
43013
42976
42974
42918
42878
42514
42249
42144
41916
41760
41520
41392
41376
41232
40976
40865
40856
40680
40157
39988
39970
39801
39794
39753
39714
39698
39650
39522
39506
39494
38716
38240
37856
37808
37408
37328
37160
37128
37104
37064
36872
36664
36544
36541
36481
36433
36362
36346
36140
35724
34208
33440
33056
32688
32624
32608
32584
32570
32562
32560
32557
32556
32554
32553
32552
32549
32548
32546
32545
32256
31412
28608
27304
27122
27121
27120
27117
27116
27114
27113
27111
27106
27104
27102
27096
27056
27024
26720
26700
26400
26320
25760
25022
24124
24000
23954
23942
23881
23841
23808
23791
23688
23670
23528
23495
23433
23368
23304
23288
23152
23072
23044
22896
22752
22736
22432
21728
21482
21330
21306
21295
21202
21162
20934
20924
20832
20777
20610
20344
20200
20024
19888
19808
19760
19664
19316
19168
19033
18876
18814
18510
18478
18464
18430
18397
18390
18210
18203
17924
17809
17768
17760
17416
17384
17304
17296
17296
17072
16668
16542
16462
16457
16422
16417
16398
16382
16370
16113
15981
15968
15887
15676
15368
15264
15216
15208
15144
15128
15120
15010
14844
14530
14527
14526
14395
14301
14244
14172
13878
13856
13798
13758
13730
13600
13544
13488
13424
13384
13336
13308
13296
13205
13200
13193
13152
13073
13033
12941
12897
12887
12810
12716
12480
12324
12320
12128
12064
12056
12042
12027
11880
11824
11730
11696
11675
11634
11600
11581
11444
11324
11296
10986
10984
10939
10912
10902
10899
10849
10824
10776
10654
10582
10576
10565
10476
10448
10356
10352
10329
10208
10138
10033
9957
9931
9928
9768
9704
9688
9668
9664
9632
9582
9524
9523
9520
9492
9483
9462
9424
9348
9308
9274
9199
9182
9121
9120
9022
9016
9008
8896
8872
8768
8752
8703
8696
8692
8656
8639
8624
8604
8599
8569
8562
8456
8416
8382
8342
8323
8296
8216
8179
8120
8112
8108
8096
8036
8015
8000
7998
7979
7862
7841
7840
7760
7640
7604
7598
7572
7568
7548
7512
7491
7462
7373
7355
7352
7328
7307
7292
7272
7242
7242
7228
7122
7057
7056
6996
6982
6946
6944
6868
6854
6840
6825
6812
6792
6728
6694
6693
6672
6670
6624
6614
6608
6573
6568
6564
6562
6524
6448
6413
6404
6402
6368
6322
6257
6252
6242
6214
6176
6168
6162
6124
6112
6111
6096
6088
6076
6062
6056
6014
5968
5964
5940
5928
5854
5822
5788
5782
5768
5740
5736
5728
5716
5694
5610
5608
5604
5600
5576
5564
5490
5456
5450
5444
5422
5422
5422
5420
5420
5420
5420
5416
5416
5408
5408
5408
5376
5376
5312
5248
5232
5120
5120
4824
4788
4784
4774
4766
4756
4736
4736
4688
4656
4656
4640
4608
4608
4544
4480
4416
4264
4260
4236
4228
4184
4176
4154
4064
4032
3968
3968
3936
3904
3904
3892
3856
3806
3776
3760
3700
3692
3684
3678
3676
3648
3640
3640
3552
3520
3472
3472
3456
3424
3392
3328
3328
3308
3296
3292
3290
3284
3282
3276
3276
3272
3222
3200
3194
3176
3136
3128
3056
3040
3024
3024
3008
3008
3008
3000
2968
2928
2904
2904
2878
2860
2848
2772
2756
2752
2748
2744
2704
2688
2672
2664
2656
2656
2656
2656
2640
2638
2624
2624
2614
2606
2586
2578
2576
2576
2560
2560
2560
2536
2512
2496
2464
2408
2404
2400
2368
2368
2368
2336
2336
2334
2324
2316
2304
2280
2256
2196
2192
2186
2178
2168
2160
2144
2132
2112
2112
2088
2080
2080
2064
2064
2048
2024
2006
1990
1984
1984
1968
1936
1936
1928
1920
1912
1904
1902
1896
1896
1888
1864
1856
1856
1856
1852
1838
1832
1824
1800
1792
1792
1760
1740
1736
1728
1728
1726
1718
1712
1712
1712
1680
1676
1668
1664
1664
1664
1648
1634
1632
1624
1616
1600
1600
1600
1596
1594
1572
1568
1536
1536
1520
1516
1512
1512
1504
1504
1498
1492
1488
1470
1456
1448
1440
1440
1440
1424
1416
1410
1408
1408
1392
1392
1388
1376
1368
1368
1364
1360
1344
1344
1344
1338
1336
1328
1320
1314
1312
1312
1312
1308
1296
1296
1288
1282
1280
1280
1280
1276
1260
1250
1248
1242
1240
1228
1224
1220
1216
1216
1216
1216
1216
1208
1200
1200
1192
1192
1184
1184
1184
1168
1168
1164
1156
1152
1152
1144
1136
1136
1136
1136
1128
1124
1120
1120
1104
1104
1104
1096
1088
1088
1088
1088
1088
1076
1056
1024
1020
996
896
848
832
820
768
688
640
608
560
496
464
440
404
384
384
282
276
266
192
16
1 311
1 45
1 235
1 583
1 230
1 855
1 425
1 656
1 639
1 701
2 169
2 143
2 486
2 32
2 64
2 262
2 231
2 638
2 603
2 585
3 457
3 107
3 183
3 7
3 347
3 763
3 863
3 910
3 81
3 569
4 674
4 269
4 84
4 574
4 594
4 61
4 77
4 255
4 92
4 9
5 965
5 633
5 455
5 237
5 749
5 107
5 606
5 644
5 466
5 222
6 167
6 817
6 888
6 789
6 572
6 724
6 502
6 439
6 398
6 333
7 890
7 218
7 906
7 684
7 576
7 138
7 725
7 917
7 592
7 759
8 801
8 918
8 677
8 672
8 59
8 124
8 640
8 902
8 691
8 602
9 846
9 463
9 365
9 608
9 819
9 439
9 851
9 36
9 289
9 793
10 362
10 22
10 826
10 258
10 381
10 662
10 675
10 401
10 391
10 64
11 486
11 474
11 625
11 46
11 21
11 177
11 477
11 877
11 430
11 918
12 678
12 25
12 690
12 98
12 249
12 555
12 188
12 587
12 550
12 147
13 377
13 516
13 118
13 85
13 866
13 848
13 319
13 440
13 937
13 559
14 832
14 75
14 534
14 337
14 556
14 870
14 971
14 558
14 164
14 1001
15 551
15 225
15 983
15 326
15 408
15 553
15 982
15 913
15 179
15 540
16 640
16 258
16 364
16 649
16 257
16 412
16 461
16 964
16 704
16 923
17 108
17 454
17 615
17 135
17 921
17 158
17 598
17 184
17 432
17 637
18 975
18 425
18 471
18 83
18 931
18 181
18 33
18 494
18 597
18 925
19 762
19 628
19 631
19 94
19 171
19 627
19 199
19 105
19 919
19 37
20 341
20 693
20 519
20 721
20 146
20 62
20 714
20 891
20 866
20 630
21 898
21 650
21 141
21 739
21 425
21 851
21 645
21 648
21 861
21 580
22 187
22 729
22 742
22 829
22 311
22 805
22 479
22 166
22 167
22 791
23 425
23 126
23 616
23 321
23 714
23 369
23 974
23 257
23 145
23 584
24 334
24 28
24 464
24 785
24 364
24 758
24 424
24 351
24 707
24 34
25 515
25 206
25 606
25 838
25 677
25 973
25 409
25 32
25 432
25 623
26 631
26 122
26 928
26 123
26 263
26 550
26 615
26 911
26 988
26 488
27 550
27 606
27 483
27 548
27 716
27 732
27 972
27 683
27 262
27 305
28 127
28 930
28 146
28 636
28 748
28 266
28 87
28 832
28 773
28 32
29 387
29 885
29 465
29 336
29 249
29 852
29 105
29 241
29 455
29 495
30 277
30 512
30 681
11 30
30 669
30 454
30 171
30 577
30 592
30 565
31 245
20 31
31 897
31 74
31 168
31 901
31 230
25 31
31 223
31 842
32 883
32 722
32 692
32 812
32 211
32 664
32 646
32 637
32 658
32 245
33 555
33 423
33 352
33 748
33 276
33 721
33 176
33 46
33 403
33 123
34 897
34 919
34 144
34 267
34 106
34 673
34 952
34 250
34 385
34 967
35 826
35 758
35 973
35 691
35 711
35 260
35 577
35 800
35 869
35 370
36 661
36 241
36 775
36 720
36 178
36 103
36 887
36 529
36 687
36 526
37 970
37 598
37 870
37 600
37 148
37 631
37 315
37 431
37 584
37 342
38 776
38 70
38 560
38 610
38 658
38 411
38 447
38 747
38 346
38 625
39 111
39 319
39 284
39 846
39 707
39 187
39 835
39 189
39 506
39 309
40 804
40 551
40 235
40 836
40 895
40 288
40 854
40 380
40 657
40 860
41 963
41 533
41 350
41 53
41 740
41 191
41 537
41 234
13 41
41 382
6 42
42 232
42 633
42 639
42 391
42 787
42 441
42 314
42 394
42 763
43 816
43 901
43 734
43 693
43 811
43 555
43 638
43 480
43 824
43 764
44 517
44 89
44 72
44 924
44 915
44 279
44 367
44 71
44 702
45 422
45 727
45 286
44 45
45 48
45 925
45 922
45 511
45 589
45 835
46 592
46 661
46 901
46 560
46 281
46 842
46 612
46 557
46 615
46 690
47 839
47 856
47 615
47 538
47 561
47 301
47 275
47 531
47 483
47 965
48 250
48 846
48 996
48 468
48 631
48 980
48 120
48 369
48 781
48 770
49 370
49 99
49 801
49 668
49 149
49 908
49 163
49 199
49 412
13 49
50 897
50 60
50 328
50 560
50 178
50 989
50 920
50 439
50 65
50 180
51 1001
51 97
51 201
51 220
51 712
50 51
51 229
51 239
51 592
51 919
52 452
52 892
17 52
52 99
52 151
52 866
52 959
52 902
52 551
52 605
53 816
53 761
53 342
30 53
53 942
53 739
53 962
53 875
53 520
54 638
54 642
54 509
54 855
54 510
54 973
54 404
54 978
54 352
54 730
55 867
55 363
55 493
55 339
55 182
55 874
55 808
55 564
55 266
55 205
56 880
56 474
56 266
56 930
56 837
56 674
56 752
56 227
56 634
56 218
57 898
57 567
57 162
57 506
57 619
57 140
57 261
57 659
57 464
18 57
58 819
58 935
58 760
58 344
58 767
58 160
58 738
58 720
58 471
58 684
59 584
5 59
59 674
59 864
59 654
59 165
59 636
59 457
59 923
59 679
60 888
60 67
60 715
60 127
27 60
60 903
24 60
60 98
60 241
60 886
61 589
61 696
61 197
61 686
61 970
61 809
61 647
16 61
61 807
61 850
62 519
62 723
62 877
62 967
62 826
62 525
62 237
62 750
62 824
62 609
63 397
63 855
63 831
63 246
63 156
63 117
63 124
63 910
63 601
63 257
64 771
56 64
64 977
64 947
64 652
64 241
64 238
64 311
52 64
64 727
65 321
65 531
65 760
65 421
65 276
65 994
65 675
65 416
65 695
65 308
66 435
66 985
66 356
66 107
56 66
66 727
66 339
66 376
66 960
66 429
67 766
67 490
67 101
67 572
67 558
67 276
67 874
67 108
56 67
67 800
68 531
68 599
68 204
68 755
68 976
68 901
68 283
17 68
68 646
68 260
69 174
69 580
69 372
65 69
69 173
69 477
69 922
69 353
69 585
69 474
70 938
19 70
70 464
70 153
70 463
70 293
70 151
70 482
15 70
70 649
71 547
33 71
71 473
71 217
71 176
71 611
71 940
71 228
71 746
71 209
72 485
72 469
72 550
72 307
72 376
72 607
72 141
72 302
23 72
72 927
73 833
53 73
73 896
73 888
73 131
41 73
73 851
73 624
73 962
74 443
74 302
74 958
74 947
74 549
74 187
74 630
74 380
74 416
74 475
75 943
75 677
75 257
75 94
75 333
75 474
75 998
75 461
75 704
75 129
76 240
76 958
76 947
76 785
76 822
76 521
76 110
76 724
76 540
76 272
77 252
77 153
77 538
77 301
77 927
77 263
77 591
77 228
77 597
77 331
78 522
78 253
78 190
78 712
75 78
78 313
78 687
78 580
78 924
78 279
79 624
79 369
79 643
79 162
79 298
79 558
79 822
79 274
79 437
79 830
80 272
80 778
80 822
80 393
80 837
80 501
80 847
80 389
80 682
80 239
40 81
81 298
81 432
81 883
81 858
81 309
81 880
81 477
81 142
26 81
82 806
82 627
82 981
82 303
82 404
82 751
82 292
82 223
82 295
82 583
83 173
83 984
34 83
83 712
83 723
83 700
83 593
83 597
83 607
83 210
59 84
84 575
84 678
84 747
84 471
84 555
84 524
84 838
84 773
84 304
85 116
85 97
85 177
85 392
85 736
85 249
85 380
85 760
85 947
85 574
86 833
86 770
86 708
86 429
86 193
86 973
86 543
25 86
86 643
10 86
87 954
87 250
87 844
87 186
87 654
87 664
87 770
87 812
87 206
86 87
24 88
8 88
88 445
88 645
88 222
88 95
88 642
88 203
88 533
88 638
89 755
89 612
89 331
89 225
89 361
89 307
89 281
89 827
89 449
89 279
90 862
90 990
90 427
90 103
90 842
90 521
90 746
90 277
39 90
90 658
91 413
91 580
91 270
13 91
85 91
91 205
91 637
91 345
91 144
91 895
92 644
92 983
52 92
92 340
92 689
92 112
92 333
76 92
92 734
92 616
93 152
93 141
93 911
93 667
78 93
93 449
93 171
93 142
93 934
93 166
94 135
94 696
94 695
94 964
59 94
94 238
94 152
94 864
94 896
94 477
95 343
81 95
95 249
95 674
95 833
95 274
95 131
95 577
95 266
96 808
96 900
96 1001
96 122
96 216
96 102
96 525
88 96
96 629
96 971
97 356
68 97
97 715
97 442
97 463
97 239
97 231
97 986
97 821
98 692
98 341
98 797
98 880
98 482
11 98
98 765
98 572
98 594
98 719
1 99
99 417
99 411
99 706
99 903
99 633
4 99
99 132
99 249
99 135
100 513
100 247
100 856
100 488
100 103
79 100
100 884
100 987
100 806
100 569
101 423
101 769
45 101
101 364
101 444
101 328
101 684
101 182
101 759
101 804
102 855
102 503
102 344
102 474
102 395
102 251
102 897
102 826
102 329
52 102
103 926
103 181
103 392
103 149
103 183
103 462
103 850
103 621
103 136
83 103
104 465
104 740
104 863
98 104
104 390
104 553
104 322
104 192
104 423
104 475
105 902
105 722
105 930
105 751
105 470
105 441
105 592
105 358
105 165
105 789
106 908
106 240
106 190
106 793
106 111
106 454
90 106
106 680
106 826
107 376
80 107
107 799
65 107
107 638
107 553
107 668
107 600
28 107
107 304
108 858
108 153
108 704
108 234
108 342
108 671
108 975
1 108
108 257
108 578
109 184
67 109
109 693
109 918
109 296
109 484
18 109
109 645
109 413
109 410
110 908
110 808
110 438
110 532
110 608
110 315
110 180
110 895
110 376
110 323
111 645
111 929
111 720
111 311
111 421
111 192
111 597
111 336
111 519
111 505
112 572
112 245
56 112
112 185
112 903
112 565
112 1001
13 112
112 270
112 180
113 580
113 373
113 954
113 562
113 572
113 137
113 167
113 764
113 763
113 477
114 872
114 976
114 608
114 885
114 371
114 483
114 254
114 288
114 840
114 945
70 115
115 359
115 644
115 844
115 880
115 450
115 964
115 812
115 693
115 372
116 192
20 116
72 116
116 492
116 289
27 116
116 828
116 934
116 788
116 332
117 483
117 241
117 924
117 565
117 419
117 821
117 945
117 427
117 313
117 330
118 680
118 797
118 135
118 432
118 774
66 118
118 455
118 538
118 717
118 773
119 943
78 119
17 119
119 700
119 628
119 822
119 871
119 544
119 585
119 735
120 733
120 494
120 962
120 297
120 302
120 497
120 348
120 918
120 952
121 529
121 953
121 662
121 885
121 709
121 692
121 174
121 955
121 507
121 806
122 692
122 306
122 244
122 862
122 933
122 211
122 716
122 715
122 146
122 964
123 388
123 791
123 236
123 249
123 702
123 904
123 944
123 890
123 218
18 123
124 691
124 334
96 124
124 667
124 139
124 453
124 576
124 997
124 480
124 389
125 896
125 651
125 564
111 125
125 465
125 333
92 125
125 442
125 484
125 712
126 462
126 843
123 126
126 431
126 150
12 126
126 629
126 812
126 923
30 126
127 349
127 310
127 503
127 563
127 921
127 458
101 127
127 241
127 407
127 649
128 233
128 778
128 650
46 128
128 785
128 253
128 585
121 128
128 255
71 128
129 745
129 693
129 300
129 729
129 675
129 560
129 541
129 487
129 871
129 395
130 196
130 945
130 402
130 639
130 799
130 784
130 263
130 429
130 674
130 366
131 499
131 785
131 397
58 131
131 765
131 448
131 668
131 861
131 221
131 798
132 343
132 190
132 707
132 231
132 148
132 766
132 740
132 764
132 173
132 501
133 530
133 382
21 133
93 133
133 433
133 481
133 268
133 503
133 723
133 479
103 134
134 574
134 332
134 613
134 610
33 134
134 353
134 443
134 980
134 604
135 635
135 673
135 658
135 921
135 703
135 553
135 256
135 569
135 975
135 793
136 180
136 343
136 201
46 136
136 896
136 539
136 692
136 455
61 136
136 213
137 452
137 322
100 137
99 137
137 455
88 137
137 594
137 607
3 137
137 211
138 322
138 854
138 656
138 447
138 746
138 847
138 703
138 377
138 744
138 591
139 536
139 651
139 483
139 706
139 575
139 145
139 911
139 663
139 667
139 283
140 168
140 562
140 726
140 852
140 613
140 894
140 578
140 498
140 500
140 991
141 916
141 972
141 995
141 954
141 876
141 953
86 141
35 141
141 291
141 725
142 327
142 417
142 246
142 754
142 444
142 285
142 907
142 511
95 142
142 364
143 542
143 622
143 914
143 563
82 143
143 493
143 375
143 978
143 276
143 295
98 144
144 545
144 891
144 439
144 336
144 372
144 688
144 983
144 802
144 973
145 191
145 399
145 428
145 571
86 145
145 446
145 503
145 634
145 618
145 454
146 711
146 999
146 595
146 194
146 244
128 146
146 691
146 282
146 931
146 674
147 894
147 598
147 924
147 574
147 608
74 147
147 250
147 716
147 489
147 1001
148 197
96 148
148 445
148 558
148 461
148 924
118 148
25 148
148 703
148 373
149 641
149 250
149 957
149 588
149 966
149 658
149 679
149 939
74 149
149 426
150 726
150 885
150 985
150 944
150 625
150 691
150 241
150 780
150 456
150 666
151 507
151 782
151 329
151 193
151 246
151 670
151 212
151 560
151 615
44 152
152 999
152 813
152 271
152 803
152 399
152 596
152 608
152 660
152 480
153 294
153 675
153 476
153 448
153 629
153 449
153 563
153 687
153 797
153 187
154 566
154 676
154 803
154 334
154 942
154 327
154 890
154 920
154 169
154 824
155 741
155 907
155 700
155 465
155 909
155 962
155 532
155 904
14 155
155 745
156 724
156 292
156 360
46 156
156 464
156 702
156 589
38 156
156 790
156 396
157 899
157 915
157 936
157 303
97 157
157 465
157 179
157 335
157 559
157 180
61 158
158 254
158 505
158 318
72 158
130 158
118 158
158 731
158 719
158 946
159 840
159 556
159 357
159 936
159 999
159 748
159 773
159 645
159 937
131 159
43 160
91 160
160 417
160 190
124 160
160 599
19 160
160 291
160 620
160 666
161 827
161 163
161 719
146 161
148 161
161 787
161 421
161 726
161 745
24 161
142 162
162 498
162 826
162 293
162 391
162 643
162 881
162 587
163 486
163 604
163 602
163 589
163 885
163 525
101 163
163 472
123 163
163 578
164 796
164 812
164 180
164 298
164 540
164 732
164 923
164 870
164 896
42 164
165 341
165 356
165 800
70 165
165 440
165 756
165 906
165 637
165 636
165 203
23 166
166 971
105 166
166 904
166 977
166 866
166 628
166 875
166 669
166 746
167 327
167 265
167 989
167 367
167 174
167 346
167 553
167 695
167 294
167 490
168 923
168 804
76 168
168 266
168 751
117 168
168 469
168 285
168 690
168 785
169 766
169 963
123 169
169 564
169 584
169 900
169 682
169 716
169 970
169 182
170 681
56 170
170 947
170 705
138 170
170 478
170 572
170 1002
144 170
170 695
171 450
171 292
171 337
15 171
171 561
171 566
171 937
171 411
135 171
171 501
172 996
172 465
172 518
172 461
172 882
172 211
172 668
172 416
90 172
172 410
173 566
173 402
173 359
173 924
173 285
173 810
173 460
173 538
16 173
173 863
174 941
174 230
174 439
174 863
65 174
174 825
174 886
174 342
174 218
174 650
175 581
30 175
175 659
175 625
175 511
175 590
173 175
175 854
175 597
175 598
176 679
176 797
176 399
176 276
176 384
176 720
176 506
173 176
176 777
176 826
177 499
81 177
177 214
177 760
177 313
177 989
90 177
128 177
177 486
177 645
178 576
178 889
178 978
178 225
178 899
178 269
178 541
178 757
77 178
179 807
179 337
179 389
179 547
179 576
179 507
179 751
170 179
179 880
179 325
180 661
180 701
180 258
180 707
180 429
180 673
180 699
180 836
180 746
180 555
181 720
181 510
181 668
181 253
181 987
118 181
21 181
181 832
174 181
181 887
178 182
182 630
182 427
182 572
131 182
182 329
182 845
182 780
117 182
53 182
183 232
183 996
183 886
183 832
183 870
183 606
183 858
183 195
183 440
183 719
142 184
116 184
163 184
184 616
39 184
184 643
184 942
184 751
184 723
184 881
185 403
137 185
185 703
185 246
149 185
185 810
185 611
185 254
185 630
185 803
186 776
186 513
186 271
186 693
186 940
186 700
186 642
186 456
186 850
186 203
187 256
37 187
187 603
187 850
187 244
187 891
187 568
108 187
187 991
187 919
188 920
67 188
188 551
188 333
188 605
188 588
188 533
188 716
188 644
188 387
181 189
189 401
125 189
189 537
189 505
189 441
19 189
7 189
189 724
189 835
190 556
190 340
155 190
189 190
190 562
190 891
190 248
190 549
190 408
191 898
103 191
191 842
191 901
191 780
191 224
191 222
191 740
191 373
191 506
192 620
192 843
192 511
192 787
57 192
93 192
192 708
192 883
136 192
192 434
193 844
89 193
193 268
193 421
193 514
193 961
193 466
193 964
193 660
158 193
93 194
112 194
194 665
90 194
194 605
194 760
194 690
194 939
194 486
194 913
195 764
195 835
195 828
195 951
195 627
195 752
147 195
195 780
31 195
164 195
105 196
196 620
38 196
196 401
196 776
196 907
196 656
196 747
10 196
196 913
197 555
197 486
197 528
197 917
197 446
14 197
95 197
197 810
197 231
197 630
198 248
198 549
198 231
198 958
198 534
198 1000
42 198
198 741
198 461
199 439
160 199
65 199
106 199
199 893
199 642
199 409
199 371
199 572
199 454
200 285
200 354
200 862
200 544
200 723
200 530
200 739
156 200
200 212
200 967
201 487
201 823
201 891
197 201
145 201
201 272
201 258
201 607
201 495
201 261
202 493
202 450
202 358
202 975
98 202
202 470
202 533
202 749
202 835
202 894
203 856
203 359
203 494
203 373
203 447
203 557
203 928
203 753
203 709
204 750
160 204
204 238
204 391
204 437
66 204
28 204
204 332
181 204
205 550
205 940
205 466
205 878
205 993
25 205
120 205
205 657
44 205
205 217
206 528
206 978
206 207
206 373
206 232
206 897
206 779
206 640
206 393
206 629
207 605
207 844
207 731
198 207
207 989
207 922
207 948
207 926
207 434
207 406
208 883
208 571
208 1002
181 208
153 208
41 208
208 633
208 902
208 614
208 223
209 420
83 209
209 785
209 672
209 476
209 616
187 209
209 717
17 209
209 1002
210 601
210 905
210 304
210 222
210 880
210 321
210 520
210 840
210 534
210 406
211 657
210 211
211 454
211 939
211 711
211 551
211 639
211 498
145 211
211 446
212 790
208 212
212 692
212 295
42 212
116 212
212 1002
212 385
212 843
212 552
213 558
213 313
213 505
213 988
213 561
4 213
213 647
213 763
213 443
213 789
75 214
214 574
214 273
214 430
214 311
167 214
214 705
214 602
214 406
121 215
215 746
215 842
215 775
215 871
215 975
171 215
215 754
215 531
41 215
216 453
216 397
87 216
216 538
216 607
216 637
216 585
216 438
2 216
216 604
217 303
72 217
217 431
217 875
217 234
217 843
217 684
92 217
217 825
147 217
179 218
218 419
184 218
218 987
218 307
218 898
218 588
139 218
218 782
133 219
43 219
53 219
219 658
219 469
219 830
219 277
56 219
219 356
219 492
220 970
220 234
220 960
220 549
220 628
34 220
220 326
220 250
220 323
220 908
221 547
61 221
180 221
221 634
221 966
221 398
221 497
221 513
205 221
221 976
222 436
222 537
222 706
222 789
222 339
222 393
222 565
222 640
222 839
222 433
223 929
223 461
162 223
223 920
223 891
130 223
223 634
223 854
223 759
223 595
224 479
80 224
224 263
224 626
201 224
224 348
42 224
10 224
147 224
21 224
225 316
225 563
186 225
82 225
225 237
225 468
171 225
55 225
225 741
156 225
226 297
226 549
226 756
226 659
226 383
226 902
226 626
226 400
226 598
226 735
227 826
227 784
104 227
227 863
227 944
227 321
227 773
227 985
227 548
114 227
95 228
69 228
228 933
228 342
228 607
228 477
228 592
228 516
147 228
229 356
229 668
229 672
229 441
229 932
229 279
229 253
229 807
189 229
229 698
230 744
230 624
230 795
230 411
78 230
230 741
230 517
230 759
230 369
230 473
231 741
3 231
231 666
231 980
231 642
231 311
231 558
231 880
231 561
231 805
232 365
232 313
232 530
232 374
232 395
232 335
232 800
232 897
232 907
232 293
233 445
233 778
233 991
233 859
233 982
233 604
233 882
233 255
233 555
233 291
234 378
234 681
193 234
234 479
234 369
234 844
234 377
234 500
234 845
234 992
235 321
235 346
182 235
235 751
235 628
235 568
235 353
235 361
235 281
83 235
236 745
236 738
162 236
236 683
236 466
236 359
236 675
236 260
236 595
236 869
237 389
237 847
237 317
237 589
237 679
237 377
237 710
237 254
237 897
106 237
22 238
238 275
217 238
238 321
238 816
238 766
51 238
238 241
92 238
176 238
71 239
239 535
239 476
103 239
239 357
239 398
2 239
239 788
239 987
239 537
240 482
240 481
240 819
240 736
16 240
240 333
240 728
125 240
240 772
240 250
241 938
241 512
241 430
241 634
241 281
241 966
74 241
81 241
241 358
241 575
242 367
242 408
242 868
242 771
42 242
126 242
242 773
242 809
242 295
242 341
243 668
243 809
213 243
243 980
243 620
243 715
243 420
9 243
243 254
243 510
244 396
244 840
23 244
244 288
244 703
244 960
200 244
244 524
244 586
244 936
133 245
205 245
245 943
245 324
245 669
245 659
128 245
245 741
245 339
245 348
246 615
246 983
246 454
55 246
246 953
30 246
133 246
246 961
246 466
246 633
247 417
247 642
247 726
247 667
247 398
247 603
53 247
247 773
247 600
247 785
248 592
108 248
83 248
248 362
248 838
248 635
248 555
248 531
248 994
248 945
134 249
249 273
249 905
249 256
241 249
249 820
249 429
72 249
240 249
63 249
250 658
250 664
250 413
10 250
139 250
250 359
250 339
250 308
250 528
250 902
225 251
110 251
251 919
251 553
251 647
251 952
95 251
251 627
251 292
251 788
252 353
110 252
24 252
252 259
252 708
217 252
172 252
252 519
252 272
252 351
116 253
12 253
253 892
210 253
253 938
253 749
253 734
253 840
253 699
253 464
34 254
43 254
254 409
130 254
214 254
254 384
254 342
254 591
233 254
108 254
255 512
255 379
255 636
255 881
28 255
131 255
255 355
255 584
182 255
255 723
256 359
256 366
256 876
256 906
256 993
256 657
256 954
194 256
256 829
257 452
111 257
257 762
202 257
257 284
257 378
185 257
257 801
257 275
257 277
258 676
138 258
258 664
258 542
258 586
258 993
258 867
258 605
236 258
2 258
54 259
259 682
259 309
259 308
259 313
259 596
259 493
259 302
259 871
167 259
260 365
260 662
260 311
80 260
246 260
260 878
183 260
260 640
202 260
42 261
100 261
46 261
261 756
261 483
261 711
261 684
261 834
234 261
261 539
262 959
262 475
247 262
262 580
262 489
262 361
262 604
262 615
262 431
262 651
263 640
263 336
263 880
263 996
263 520
263 459
263 436
61 263
100 263
6 263
264 306
264 329
106 264
264 532
264 617
48 264
104 264
264 943
264 953
264 593
265 775
265 366
5 265
265 313
265 969
265 512
265 433
265 648
65 265
265 383
266 276
266 895
266 371
266 522
266 282
266 657
4 266
266 956
266 740
128 266
267 817
267 913
267 824
267 532
267 396
267 679
141 267
172 267
267 963
267 748
264 268
268 777
268 665
268 776
268 940
10 268
268 694
268 884
268 448
220 268
269 833
269 315
269 604
119 269
269 692
269 985
269 374
269 466
269 272
164 269
270 356
270 919
59 270
156 270
139 270
270 895
33 270
270 759
270 523
60 270
63 271
271 372
204 271
271 481
271 678
271 306
271 555
217 271
271 606
271 274
110 272
272 916
272 773
272 407
272 808
272 743
272 642
157 272
45 272
272 616
161 273
131 273
273 333
57 273
273 497
273 908
273 291
273 899
185 273
273 987
274 427
230 274
274 930
274 916
272 274
8 274
274 960
274 861
274 986
275 862
275 785
204 275
275 815
275 884
275 582
275 986
275 906
275 547
275 935
276 650
276 734
276 324
276 645
276 389
276 730
276 451
276 503
276 682
79 276
277 561
277 385
277 868
277 719
277 359
277 756
223 277
277 727
74 277
277 342
278 825
278 573
238 278
278 284
48 278
278 441
187 278
214 278
278 654
278 609
55 279
279 999
279 652
279 492
279 741
279 752
279 571
279 862
279 393
279 616
280 774
280 652
280 979
234 280
280 894
280 948
280 435
280 473
280 822
280 295
281 410
281 292
75 281
281 826
254 281
281 774
281 441
281 723
200 281
281 349
159 282
132 282
282 464
282 406
282 489
89 282
133 282
282 808
282 760
144 282
67 283
283 637
283 524
206 283
129 283
214 283
283 779
279 283
276 283
284 836
284 896
284 973
284 373
284 536
284 443
284 522
284 728
284 629
284 821
133 285
285 632
285 653
285 701
285 511
285 691
285 880
285 745
285 466
285 435
93 286
286 446
286 865
286 849
286 801
286 507
286 855
286 567
238 286
286 904
287 521
287 393
287 578
287 320
287 301
287 781
258 287
7 287
287 571
287 826
288 410
288 300
288 876
288 963
288 736
288 332
288 466
233 288
288 559
288 838
27 289
48 289
289 398
286 289
289 858
61 289
25 289
147 289
289 836
289 863
159 290
290 467
290 390
290 480
240 290
290 697
36 290
238 290
290 997
160 290
291 841
13 291
291 302
49 291
272 291
291 718
291 816
291 958
291 425
291 910
292 684
292 759
179 292
292 805
292 777
292 489
292 710
292 630
18 292
11 293
293 362
84 293
293 372
191 293
293 921
177 293
293 348
293 775
293 755
168 294
48 294
294 609
294 354
294 986
286 294
294 792
233 294
294 363
294 582
295 382
295 625
55 295
125 295
295 326
295 643
295 979
295 806
49 295
251 295
296 809
296 366
296 447
60 296
225 296
244 296
296 305
296 864
296 416
296 510
297 513
241 297
297 641
297 634
297 501
297 499
297 558
297 949
297 779
297 366
298 981
145 298
141 298
160 298
298 862
11 298
298 519
248 298
298 713
298 338
222 299
215 299
299 513
294 299
299 593
299 729
81 299
274 299
299 956
299 545
300 404
274 300
147 300
278 300
300 762
300 653
228 300
300 506
151 300
273 300
234 301
301 488
301 631
122 301
301 346
301 855
141 301
301 352
301 776
301 905
302 724
302 592
302 901
146 302
94 302
302 317
208 302
302 447
302 442
302 647
303 653
303 859
303 822
86 303
303 419
303 629
303 405
303 370
200 303
22 303
304 624
231 304
304 882
172 304
304 607
156 304
304 816
304 785
304 978
203 304
305 656
305 603
305 948
175 305
305 760
305 418
305 635
305 355
236 305
292 305
220 306
306 658
306 409
306 586
306 806
306 591
306 863
306 490
285 306
303 306
219 307
170 307
137 307
307 677
307 833
307 919
307 791
307 708
228 307
31 308
308 853
308 398
308 844
308 480
308 769
308 435
308 746
308 757
308 582
309 933
147 309
309 739
309 496
309 895
309 386
197 309
309 470
149 309
309 569
310 681
310 807
310 860
310 371
310 561
310 666
310 839
269 310
310 511
249 310
311 488
311 666
311 579
160 311
208 311
67 311
238 311
311 761
311 501
312 952
67 312
312 638
312 667
120 312
312 760
312 416
312 928
312 314
313 444
313 808
313 780
313 750
86 313
284 313
90 313
313 856
313 953
162 313
127 314
303 314
314 895
21 314
314 969
6 314
314 734
110 314
314 672
314 391
315 924
315 760
168 315
244 315
315 440
315 380
59 315
307 315
315 673
315 472
316 515
316 424
316 715
316 341
128 316
161 316
314 316
84 316
316 421
316 507
23 317
317 846
317 369
317 916
317 507
131 317
151 317
317 861
317 922
318 1002
7 318
246 318
164 318
209 318
318 717
318 967
318 895
318 741
318 328
319 954
94 319
123 319
319 366
302 319
7 319
319 463
319 471
319 675
254 319
320 694
213 320
320 933
320 330
308 320
239 320
320 830
320 490
6 320
30 321
321 684
307 321
321 828
321 839
216 321
321 943
269 321
314 321
321 796
322 541
322 752
109 322
322 410
322 678
285 322
322 871
322 610
322 637
322 525
323 620
26 323
323 820
323 677
251 323
58 323
128 323
323 491
323 594
323 589
180 324
324 980
324 630
199 324
324 757
324 838
153 324
324 854
110 324
175 325
7 325
325 832
325 617
181 325
325 519
101 325
325 585
325 652
325 381
326 980
326 454
326 779
326 583
326 440
326 772
326 846
326 920
173 326
327 519
327 621
327 398
327 983
7 327
327 708
327 960
25 327
327 954
143 327
328 925
328 901
287 328
171 328
328 442
328 815
328 678
328 464
328 824
328 381
291 329
6 329
143 329
329 458
329 336
131 329
329 566
329 480
176 329
329 863
44 330
330 777
330 627
330 406
289 330
330 690
330 996
20 330
330 909
330 424
331 688
331 894
331 931
75 331
280 331
240 331
331 900
331 870
331 545
331 620
214 332
332 865
332 521
332 560
332 545
332 743
332 531
332 891
332 338
332 471
333 413
333 674
333 667
192 333
333 459
333 408
333 820
141 333
333 623
10 333
309 334
334 559
334 931
334 377
334 387
334 856
181 334
334 573
334 460
334 915
335 487
111 335
244 335
335 623
335 590
319 335
109 335
335 950
287 335
335 626
336 772
311 336
336 427
336 442
336 756
102 336
336 842
336 728
336 577
336 417
337 343
337 634
337 885
89 337
337 393
337 624
281 337
106 337
311 337
337 971
338 495
338 356
338 868
338 964
159 338
338 727
338 809
338 847
179 338
339 646
338 339
212 339
156 339
99 339
51 339
252 339
339 897
339 347
339 915
340 735
129 340
207 340
90 340
242 340
340 343
118 340
340 587
340 500
340 894
341 770
244 341
341 686
102 341
341 418
341 623
341 635
341 548
225 341
248 341
342 792
281 342
3 342
103 342
342 851
282 342
75 342
342 740
342 554
52 342
343 596
119 343
248 343
343 358
297 343
134 343
343 382
230 343
343 847
344 974
344 920
344 558
92 344
344 841
344 374
344 518
344 430
191 344
344 600
129 345
345 528
309 345
120 345
345 588
345 731
345 372
345 449
345 862
34 345
346 723
184 346
346 398
346 815
346 435
346 795
99 346
346 585
346 429
346 958
344 347
341 347
314 347
347 925
76 347
272 347
347 625
347 497
214 347
347 699
132 348
348 954
348 461
348 582
348 932
22 348
348 869
11 348
266 348
348 396
349 687
203 349
291 349
349 551
349 438
221 349
168 349
349 959
349 925
349 433
350 373
350 631
350 962
180 350
291 350
350 760
9 350
60 350
350 474
253 350
249 351
198 351
351 825
351 518
351 570
351 667
351 524
351 762
351 780
333 351
352 615
352 606
101 352
352 709
352 845
352 762
352 797
36 352
52 352
352 969
353 413
353 405
353 724
353 637
353 636
182 353
353 392
353 519
353 715
353 614
207 354
354 608
322 354
354 390
354 649
109 354
354 672
354 615
354 406
354 579
355 724
355 539
355 639
355 475
4 355
185 355
164 355
355 554
188 355
355 762
356 390
311 356
79 356
356 377
356 768
281 356
262 356
277 356
356 970
344 356
357 459
357 783
357 495
357 536
357 667
193 357
192 357
357 936
357 660
357 979
351 358
358 938
45 358
358 666
358 966
358 651
167 358
358 670
94 358
155 358
305 359
359 786
359 767
359 414
359 408
359 825
52 359
359 550
359 493
359 824
360 425
146 360
360 754
188 360
360 587
180 360
138 360
360 463
360 683
360 856
29 361
361 639
191 361
361 856
333 361
361 524
361 849
361 696
59 361
275 361
362 450
346 362
362 583
362 618
109 362
327 362
277 362
284 362
362 489
362 916
363 990
344 363
363 533
363 635
363 438
363 893
90 363
363 711
277 363
338 363
190 364
307 364
350 364
222 364
96 364
186 364
364 748
364 964
364 848
364 452
365 727
365 873
97 365
365 408
87 365
365 919
365 724
365 379
196 365
365 960
366 567
194 366
203 366
366 935
366 639
304 366
366 871
366 654
115 366
366 422
100 367
367 922
164 367
251 367
97 367
367 788
367 950
367 805
250 367
367 656
368 418
25 368
363 368
164 368
368 895
368 415
368 697
368 856
368 629
368 871
369 952
136 369
369 461
369 770
189 369
311 369
369 417
277 369
369 913
369 445
370 679
324 370
231 370
205 370
370 629
370 756
370 515
370 575
370 540
370 542
371 788
371 498
65 371
371 877
78 371
371 450
371 780
371 691
371 480
372 504
369 372
372 951
372 856
372 382
314 372
312 372
141 372
49 372
372 595
373 819
119 373
181 373
373 523
141 373
373 838
373 666
373 594
373 892
373 515
312 374
374 512
116 374
305 374
374 709
89 374
374 841
374 991
374 969
374 897
53 375
257 375
270 375
375 985
77 375
258 375
375 586
375 577
281 375
375 609
376 869
57 376
157 376
35 376
332 376
11 376
376 497
275 376
376 893
376 879
39 377
374 377
377 700
295 377
54 377
377 474
377 502
377 828
65 377
377 571
378 801
378 428
378 628
378 797
378 438
378 869
378 834
173 378
378 887
378 598
280 379
379 715
379 649
184 379
114 379
379 572
379 870
379 397
35 379
50 379
271 380
380 770
380 839
380 518
380 543
272 380
130 380
380 715
173 380
380 887
224 381
381 913
381 784
381 970
381 939
45 381
381 589
381 647
381 794
192 381
46 382
382 780
382 782
382 707
382 730
206 382
382 856
382 491
26 382
382 662
383 807
383 507
383 926
327 383
383 755
383 391
296 383
383 843
383 693
182 383
384 612
384 874
384 527
221 384
262 384
384 517
146 384
384 511
384 790
384 784
385 958
385 941
385 454
385 779
343 385
160 385
43 385
385 876
10 385
385 495
386 519
153 386
386 422
386 646
386 651
386 606
386 704
109 386
386 455
94 386
387 432
387 882
26 387
387 872
314 387
103 387
23 387
387 566
387 729
280 387
388 774
169 388
388 966
388 489
388 806
388 860
388 576
108 388
260 388
388 795
251 389
389 554
229 389
389 392
226 389
389 726
389 565
389 881
389 734
389 956
63 390
390 794
390 734
373 390
390 774
1 390
390 598
390 687
390 514
390 731
81 391
391 677
160 391
36 391
391 988
391 828
274 391
326 391
391 440
391 996
95 392
392 711
14 392
118 392
352 392
286 392
310 392
392 715
307 392
116 392
393 964
165 393
110 393
393 867
393 934
393 872
393 985
393 739
393 905
345 393
163 394
47 394
120 394
394 897
28 394
277 394
394 815
26 394
152 394
394 968
395 468
395 879
121 395
350 395
250 395
248 395
311 395
218 395
180 395
395 477
147 396
396 483
148 396
396 417
396 938
396 609
396 788
142 396
396 590
396 672
175 397
174 397
59 397
321 397
397 614
222 397
278 397
45 397
397 619
397 999
378 398
350 398
398 415
398 648
398 709
398 497
398 409
370 398
371 398
3 398
282 399
399 1000
238 399
7 399
399 525
399 930
383 399
219 399
399 594
399 609
400 590
40 400
400 673
400 681
104 400
387 400
400 916
276 400
400 579
400 657
401 487
401 682
401 724
213 401
401 661
401 695
75 401
204 401
401 549
321 401
402 512
13 402
187 402
402 439
402 520
51 402
357 402
23 402
129 402
60 402
403 716
403 912
403 488
31 403
166 403
403 711
205 403
403 747
141 403
43 403
144 404
346 404
404 782
404 724
22 404
404 484
404 529
50 404
333 404
404 437
18 405
405 763
234 405
17 405
405 966
285 405
362 405
87 405
405 948
405 486
326 406
303 406
276 406
406 745
406 448
406 629
355 406
389 406
266 406
406 447
12 407
407 935
407 533
144 407
352 407
384 407
407 676
62 407
408 682
408 579
8 408
408 653
408 432
128 408
408 551
259 408
408 704
408 784
409 708
409 946
113 409
409 837
409 451
287 409
409 934
409 614
20 409
141 409
410 756
410 822
265 410
410 684
54 410
410 445
410 882
410 724
34 410
410 596
411 481
385 411
411 445
252 411
188 411
343 411
54 411
146 411
411 957
159 412
292 412
412 502
412 836
298 412
348 412
307 412
72 412
412 728
412 757
413 697
413 897
263 413
413 560
413 827
413 529
412 413
413 464
262 413
413 700
414 672
30 414
414 555
414 968
20 414
414 614
63 414
414 436
414 735
414 971
415 654
415 882
415 853
415 421
415 804
397 415
415 826
415 789
140 415
415 924
416 449
416 726
416 774
314 416
358 416
416 899
416 760
416 649
410 416
416 588
231 417
150 417
417 997
417 749
381 417
417 770
310 417
355 417
415 417
417 489
418 901
280 418
358 418
418 917
418 946
418 542
418 639
418 524
418 492
375 418
179 419
419 593
419 873
419 862
349 419
223 419
419 427
364 419
419 485
419 543
59 420
237 420
355 420
420 636
420 927
420 552
420 865
420 472
420 890
118 420
421 822
57 421
421 657
421 610
421 607
421 772
421 793
383 421
421 640
14 421
422 858
160 422
422 536
422 603
422 790
422 434
422 461
412 422
422 581
422 913
423 829
12 423
395 423
383 423
299 423
423 545
423 755
423 828
100 423
423 970
300 424
424 955
424 902
424 806
424 812
424 640
98 424
154 424
424 845
308 424
83 425
425 754
24 425
425 787
6 425
338 425
400 425
425 496
425 672
342 425
426 648
426 712
426 651
426 815
299 426
426 959
426 766
426 855
426 860
426 594
427 641
201 427
57 427
44 427
427 612
427 733
427 759
427 489
322 427
346 427
428 721
428 755
338 428
428 580
428 522
428 829
428 939
370 428
428 678
428 769
429 591
429 502
429 924
429 711
301 429
248 429
399 429
429 740
398 429
251 429
430 741
328 430
310 430
411 430
122 430
236 430
336 430
430 504
430 862
430 914
134 431
76 431
431 837
431 457
203 431
406 431
431 944
202 431
208 431
431 806
322 432
138 432
26 432
432 438
73 432
432 983
277 432
432 991
117 432
432 452
373 433
372 433
285 433
433 701
433 451
433 962
433 626
248 433
141 433
433 478
63 434
434 944
128 434
3 434
434 645
434 436
434 925
356 434
434 877
204 434
435 688
418 435
435 872
435 524
332 435
435 451
435 752
212 435
435 906
400 435
436 556
436 1001
436 834
436 869
436 890
41 436
304 436
436 613
421 436
420 436
308 437
437 473
437 979
437 865
54 437
437 585
437 753
352 437
437 831
419 437
1 438
438 885
438 859
438 767
438 709
438 501
411 438
438 834
364 438
227 438
186 439
350 439
65 439
15 439
439 562
439 855
439 578
439 844
439 636
439 959
440 953
291 440
58 440
440 987
440 600
440 491
440 841
21 440
415 440
440 543
441 705
27 441
287 441
441 833
441 882
441 493
441 512
441 980
441 658
24 442
310 442
395 442
251 442
370 442
442 988
183 442
442 687
442 472
443 749
443 856
443 695
29 443
436 443
443 540
443 982
30 443
443 984
443 758
246 444
444 687
444 609
350 444
252 444
65 444
322 444
385 444
444 488
46 444
445 499
445 693
392 445
445 628
445 512
230 445
150 445
67 445
445 618
405 445
446 585
342 446
446 638
446 529
446 888
171 446
446 516
233 446
446 885
446 611
447 563
447 961
220 447
168 447
447 546
447 536
364 447
73 447
447 544
436 447
448 507
210 448
301 448
448 990
448 906
448 723
159 448
448 468
448 798
155 448
449 773
449 548
146 449
449 833
449 610
449 588
449 828
449 502
449 960
449 622
450 776
450 503
445 450
450 614
450 789
257 450
367 450
450 535
313 450
450 545
380 451
227 451
451 699
451 956
451 766
222 451
451 831
451 851
451 995
451 613
452 487
452 973
452 767
452 850
315 452
61 452
452 544
452 900
452 786
452 797
453 612
453 657
29 453
453 945
453 537
453 624
453 498
453 931
453 621
454 844
19 454
454 490
454 461
454 560
454 628
454 958
454 990
256 454
454 805
455 861
148 455
455 789
455 964
455 514
455 520
455 864
396 455
455 950
455 525
456 758
456 498
361 456
456 843
456 845
456 782
456 664
113 456
456 748
456 809
457 778
457 652
457 460
191 457
307 457
416 457
457 489
457 884
283 457
13 457
41 458
458 517
155 458
458 924
8 458
458 492
144 458
458 539
458 569
248 458
459 621
407 459
459 872
459 993
374 459
435 459
459 589
2 459
55 459
11 459
460 600
460 809
242 460
164 460
213 460
460 658
460 750
460 674
460 759
460 891
67 461
461 537
389 461
461 579
217 461
461 994
461 695
461 729
97 461
461 679
462 527
408 462
462 897
447 462
58 462
295 462
77 462
378 462
264 462
462 929
89 463
463 755
75 463
463 568
343 463
463 956
10 463
463 703
463 715
112 463
81 464
464 480
464 826
447 464
464 501
319 464
464 512
400 464
20 464
133 464
465 798
465 965
162 465
340 465
465 492
461 465
449 465
465 936
302 465
465 488
56 466
466 579
466 556
466 543
466 931
46 466
466 819
131 466
61 466
466 798
467 565
303 467
467 469
467 558
467 798
467 842
467 917
52 467
134 467
467 852
214 468
51 468
72 468
309 468
468 796
279 468
468 925
87 468
468 602
468 827
469 616
277 469
193 469
93 469
469 536
461 469
98 469
469 597
469 572
57 469
470 999
470 704
436 470
470 794
376 470
470 949
470 828
470 534
470 986
77 471
389 471
471 716
471 662
471 756
39 471
471 491
471 700
406 471
237 471
472 630
200 472
472 866
417 472
472 897
472 814
458 472
374 472
472 730
127 472
473 556
473 486
235 473
137 473
473 955
77 473
292 473
473 939
210 473
474 698
347 474
474 628
474 988
474 856
302 474
443 474
357 474
22 474
474 689
118 475
169 475
441 475
475 851
475 811
475 886
475 549
475 814
475 967
424 475
476 519
476 910
308 476
382 476
181 476
27 476
279 476
232 476
476 591
476 733
477 639
420 477
477 577
370 477
38 477
133 477
477 479
454 477
477 511
251 477
478 773
478 526
435 478
142 478
384 478
445 478
478 864
478 795
478 961
478 481
479 544
479 764
479 961
78 479
479 651
479 531
410 479
479 817
32 479
479 875
165 480
480 768
480 856
480 861
99 480
392 480
480 520
28 480
355 480
139 480
481 978
99 481
338 481
481 962
481 783
481 749
371 481
471 481
481 670
482 698
397 482
482 813
42 482
482 827
482 670
482 817
219 482
482 948
349 482
483 597
483 834
387 483
321 483
483 583
21 483
206 483
483 866
153 483
440 483
484 566
484 966
484 733
484 908
307 484
484 675
484 959
484 777
431 484
484 822
485 658
439 485
485 527
485 735
485 590
166 485
370 485
485 499
485 535
161 485
462 486
486 582
140 486
486 987
486 533
486 951
486 688
486 938
486 770
253 486
487 701
487 977
96 487
133 487
487 828
261 487
487 663
487 570
487 490
488 885
488 582
488 771
488 617
488 614
474 488
261 488
429 488
211 488
483 488
124 489
439 489
22 489
466 489
483 489
489 676
489 553
153 489
489 941
350 489
490 807
339 490
86 490
407 490
122 490
436 490
490 870
490 534
160 490
133 490
491 689
491 938
491 631
389 491
89 491
491 527
491 949
67 491
491 498
373 491
492 570
91 492
323 492
119 492
492 499
492 670
113 492
492 686
492 798
493 932
493 878
493 977
493 916
478 493
305 493
493 750
493 528
493 691
52 493
9 494
314 494
494 498
245 494
344 494
207 494
494 882
14 494
494 935
322 494
351 495
409 495
262 495
219 495
281 495
495 819
254 495
495 931
245 495
132 495
214 496
415 496
496 851
423 496
410 496
496 497
496 928
496 785
242 496
308 496
497 648
497 751
382 497
497 921
432 497
497 704
497 802
497 971
299 497
67 497
492 498
498 612
498 966
498 741
242 498
368 498
356 498
498 752
498 870
16 498
264 499
256 499
465 499
198 499
499 980
499 661
48 499
499 667
451 499
499 996
135 500
500 659
324 500
500 583
204 500
500 594
312 500
246 500
500 559
456 500
501 718
282 501
153 501
373 501
283 501
501 808
501 510
260 501
501 667
148 502
379 502
502 820
502 529
387 502
2 502
502 605
502 919
439 502
76 502
339 503
503 617
308 503
503 868
492 503
503 997
38 503
503 683
503 942
503 763
154 504
504 564
469 504
384 504
194 504
504 962
329 504
504 745
18 504
504 532
505 545
324 505
142 505
505 659
505 688
505 603
104 505
505 849
505 576
505 573
506 1001
506 830
506 992
506 797
506 888
506 679
123 506
506 749
291 506
188 506
332 507
145 507
507 525
458 507
463 507
57 507
434 507
68 507
334 507
178 508
508 534
508 991
452 508
392 508
3 508
503 508
110 508
508 739
508 757
509 816
509 746
509 547
223 509
509 577
509 512
436 509
509 592
441 509
509 548
304 510
510 798
510 719
510 872
510 787
279 510
486 510
510 533
141 510
510 534
15 511
183 511
405 511
511 533
476 511
446 511
511 959
367 511
511 604
396 511
231 512
512 782
512 751
427 512
512 590
512 785
467 512
22 512
143 512
512 575
262 513
62 513
193 513
133 513
513 969
426 513
513 630
250 513
513 911
513 847
432 514
410 514
381 514
514 805
487 514
514 884
485 514
70 514
175 514
280 514
464 515
515 631
424 515
122 515
515 690
515 694
515 930
466 515
452 515
515 746
375 516
516 842
57 516
431 516
516 763
32 516
516 567
31 516
516 797
516 569
517 694
240 517
128 517
517 647
517 791
517 764
275 517
517 913
517 839
437 517
505 518
518 960
379 518
93 518
518 622
518 519
518 947
188 518
356 518
518 753
519 530
229 519
519 608
109 519
519 877
519 993
27 519
422 519
335 519
167 519
448 520
57 520
520 980
520 554
440 520
520 535
332 520
520 676
520 768
520 885
521 575
140 521
371 521
292 521
521 526
319 521
21 521
169 521
521 823
75 521
522 757
59 522
522 684
522 881
67 522
522 829
522 984
319 522
292 522
120 522
6 523
523 692
523 849
523 546
377 523
93 523
523 923
523 675
87 523
92 523
524 778
489 524
513 524
524 766
203 524
524 941
524 876
478 524
524 845
114 525
301 525
443 525
525 667
525 620
525 629
525 777
525 917
364 525
525 945
298 526
363 526
439 526
228 526
402 526
102 526
148 526
245 526
526 872
320 526
153 527
365 527
527 734
527 840
394 527
527 739
520 527
511 527
383 527
353 527
195 528
528 807
528 556
196 528
362 528
470 528
528 535
187 528
481 528
434 528
529 537
529 738
529 539
46 529
48 529
529 824
493 529
529 767
529 986
529 889
165 530
530 605
95 530
86 530
106 530
530 782
508 530
530 737
428 530
409 530
531 563
531 908
157 531
531 866
18 531
372 531
208 531
531 768
13 531
8 531
532 917
532 797
532 914
532 592
527 532
532 770
532 595
532 888
216 532
532 734
533 754
368 533
451 533
148 533
37 533
533 643
78 533
270 533
533 720
533 561
534 541
534 789
336 534
314 534
534 805
427 534
180 534
534 552
44 534
22 534
535 920
535 946
106 535
111 535
390 535
140 535
108 535
535 613
535 542
256 535
108 536
423 536
536 856
536 848
536 719
536 646
536 645
133 536
332 536
523 537
537 597
98 537
537 881
336 537
537 705
537 917
56 537
24 537
224 537
519 538
538 574
306 538
538 876
538 836
538 839
538 588
482 538
260 538
82 538
539 961
216 539
539 810
539 978
539 696
18 539
125 539
539 718
539 833
539 709
320 540
540 582
523 540
540 952
540 870
43 540
374 540
540 561
540 951
74 540
299 541
17 541
340 541
181 541
294 541
388 541
73 541
118 541
541 566
285 542
203 542
542 902
477 542
254 542
542 556
181 542
303 542
398 542
543 763
543 862
543 674
371 543
543 918
114 543
290 543
543 597
543 835
342 543
388 544
544 699
544 935
544 845
13 544
518 544
519 544
544 653
544 881
10 544
119 545
327 545
309 545
545 865
545 886
445 545
545 779
320 545
335 545
545 698
546 911
85 546
484 546
267 546
152 546
409 546
76 546
546 895
65 546
410 546
547 640
84 547
183 547
547 899
142 547
366 547
547 885
239 547
431 547
547 767
548 706
209 548
287 548
548 1002
48 548
548 738
503 548
402 548
158 548
548 988
223 549
430 549
441 549
496 549
186 549
549 912
549 593
549 567
462 549
549 953
500 550
252 550
550 899
392 550
550 593
544 550
550 901
67 550
97 550
372 550
102 551
551 960
551 905
551 646
341 551
551 909
348 551
432 551
17 551
551 697
552 955
454 552
552 627
379 552
552 926
552 958
269 552
552 735
102 552
153 552
486 553
553 850
553 562
553 673
491 553
553 731
10 553
53 553
83 553
68 553
64 554
71 554
554 615
554 741
554 583
318 554
263 554
440 554
554 785
251 554
219 555
555 787
555 859
555 562
555 911
199 555
343 555
99 555
555 932
555 646
219 556
546 556
556 845
556 820
556 624
154 556
302 556
543 556
356 556
298 556
63 557
100 557
557 934
557 658
424 557
49 557
479 557
557 721
422 557
459 558
558 784
24 558
558 625
558 868
558 588
558 764
558 829
558 726
558 617
187 559
559 636
393 559
371 559
420 559
559 975
559 925
419 559
188 559
357 559
560 971
234 560
250 560
121 560
560 901
328 560
560 633
560 739
560 886
560 806
210 561
561 995
93 561
561 707
284 561
561 859
236 561
561 593
7 561
561 564
216 562
139 562
562 712
562 945
562 796
493 562
562 943
254 562
246 562
90 562
414 563
563 892
243 563
32 563
537 563
563 994
90 563
214 563
563 819
563 574
564 925
524 564
46 564
54 564
234 564
564 641
529 564
564 707
226 564
565 932
71 565
150 565
275 565
296 565
520 565
387 565
565 891
565 929
565 948
505 566
566 710
177 566
558 566
566 897
123 566
35 566
307 566
566 880
566 644
567 815
333 567
367 567
241 567
196 567
483 567
567 743
379 567
449 567
567 689
568 730
568 795
381 568
568 802
213 568
351 568
350 568
474 568
89 568
426 568
496 569
294 569
569 571
113 569
569 724
38 569
514 569
508 569
569 726
147 570
512 570
570 905
522 570
570 707
515 570
570 579
570 697
570 593
571 618
382 571
329 571
571 785
491 571
571 671
415 571
571 695
326 571
571 948
572 685
572 993
26 572
545 572
572 908
572 969
569 572
90 572
572 974
565 572
51 573
172 573
145 573
126 573
355 573
108 573
303 573
69 573
354 573
236 573
55 574
574 576
513 574
574 953
165 574
331 574
574 958
192 574
148 574
556 574
242 575
540 575
516 575
575 734
575 815
107 575
156 575
417 575
183 575
244 575
576 842
35 576
576 689
16 576
427 576
576 616
71 576
58 576
43 576
576 673
577 770
504 577
441 577
577 882
577 699
69 577
246 577
577 772
116 577
112 577
578 608
498 578
578 992
426 578
319 578
294 578
180 578
396 578
465 578
37 578
579 989
579 636
214 579
515 579
384 579
71 579
579 913
579 788
357 579
352 580
580 977
81 580
301 580
366 580
244 580
580 938
437 580
468 580
227 580
439 581
581 818
581 762
574 581
555 581
267 581
26 581
581 634
581 832
581 929
178 582
582 831
213 582
582 944
582 745
570 582
582 888
115 582
582 760
102 582
535 583
583 646
583 676
583 979
467 583
266 583
181 583
10 583
459 583
583 768
324 584
173 584
584 714
124 584
584 672
584 982
284 584
361 584
584 839
308 584
585 704
585 598
94 585
284 585
43 585
317 585
175 585
115 585
585 860
585 664
586 874
179 586
586 909
586 766
427 586
264 586
237 586
586 968
479 586
586 851
587 779
587 805
9 587
587 875
464 587
377 587
492 587
320 587
46 587
486 587
73 588
584 588
50 588
25 588
424 588
47 588
66 588
588 765
398 588
588 619
558 589
464 589
589 706
497 589
589 795
589 735
282 589
388 589
280 589
243 589
590 946
6 590
331 590
558 590
455 590
167 590
69 590
384 590
442 590
590 644
516 591
591 759
587 591
120 591
565 591
591 681
450 591
195 591
123 591
591 763
585 592
592 698
422 592
592 618
29 592
469 592
294 592
313 592
592 635
360 592
593 612
522 593
172 593
133 593
418 593
470 593
211 593
593 873
301 593
199 593
28 594
288 594
178 594
594 977
376 594
574 594
283 594
594 847
594 989
594 952
595 906
462 595
595 744
561 595
398 595
59 595
527 595
413 595
595 814
595 912
345 596
596 825
232 596
596 864
446 596
558 596
203 596
215 596
596 873
596 725
417 597
597 930
597 675
424 597
292 597
344 597
199 597
268 597
354 597
79 598
358 598
273 598
598 970
598 693
424 598
305 598
598 793
434 598
598 726
520 599
303 599
284 599
540 599
599 651
599 676
328 599
530 599
566 599
546 599
349 600
353 600
480 600
267 600
600 846
87 600
600 891
600 990
195 600
600 906
1 601
601 642
218 601
454 601
601 976
601 896
601 963
575 601
601 691
196 601
602 840
278 602
115 602
318 602
602 924
602 813
602 802
602 760
193 602
582 602
107 603
330 603
603 995
478 603
603 678
491 603
511 603
603 863
317 603
603 655
604 682
540 604
37 604
571 604
604 756
604 833
16 604
74 604
604 944
43 605
605 910
605 920
70 605
605 674
605 640
7 605
237 605
605 667
103 605
606 742
606 712
462 606
120 606
606 879
606 953
402 606
606 820
606 960
454 606
607 842
374 607
309 607
607 777
65 607
607 926
115 607
253 607
152 607
519 607
236 608
314 608
24 608
608 714
608 764
608 839
608 654
163 608
297 608
155 608
234 609
609 637
151 609
609 923
537 609
34 609
609 850
609 699
40 609
436 610
151 610
498 610
119 610
610 716
427 610
602 610
553 610
610 946
232 610
60 611
15 611
611 890
24 611
611 667
336 611
355 611
611 728
448 611
611 623
612 702
561 612
485 612
43 612
612 860
612 777
535 612
612 620
517 612
584 612
613 639
88 613
613 658
613 980
357 613
613 923
26 613
21 613
240 613
397 613
271 614
77 614
417 614
614 826
392 614
614 617
614 764
431 614
614 723
11 614
615 672
183 615
126 615
57 615
406 615
305 615
615 816
114 615
336 615
167 615
241 616
489 616
616 974
616 914
616 942
139 616
259 616
616 793
440 616
175 616
617 996
477 617
313 617
617 879
617 863
481 617
617 669
617 723
617 961
73 617
405 618
357 618
96 618
618 629
1 618
580 618
568 618
245 618
618 942
618 822
619 755
605 619
140 619
619 756
374 619
603 619
446 619
201 619
96 619
619 835
113 620
114 620
38 620
620 934
620 730
444 620
620 824
271 620
207 620
194 620
415 621
621 951
416 621
621 727
621 665
216 621
102 621
621 965
101 621
621 963
622 756
441 622
622 699
622 891
25 622
622 888
593 622
622 665
564 622
612 622
47 623
623 708
68 623
248 623
469 623
623 663
623 842
371 623
383 623
623 771
621 624
437 624
624 870
472 624
624 839
624 633
624 741
219 624
624 780
52 625
496 625
625 754
182 625
625 660
625 997
625 847
87 625
625 802
18 625
621 626
626 750
468 626
626 930
626 837
450 626
145 626
626 995
377 626
519 626
167 627
87 627
239 627
389 627
529 627
577 627
627 771
507 627
440 627
67 627
385 628
628 733
538 628
628 777
100 628
517 628
169 628
180 628
20 628
7 628
367 629
629 744
499 629
629 825
241 629
521 629
599 629
629 646
39 629
629 866
24 630
224 630
228 630
630 722
630 703
125 630
630 836
516 630
630 860
238 630
434 631
631 908
631 953
631 822
204 631
631 808
631 865
116 631
417 631
631 983
610 632
544 632
632 850
504 632
372 632
632 982
626 632
160 632
607 632
632 902
633 792
633 691
587 633
633 945
633 708
317 633
163 633
633 654
38 633
633 647
634 737
634 772
118 634
24 634
275 634
58 634
62 634
314 634
189 634
634 725
242 635
635 866
633 635
344 635
412 635
321 635
131 635
441 635
635 961
635 957
636 802
82 636
151 636
573 636
636 805
430 636
294 636
636 673
334 636
168 637
285 637
637 982
637 693
637 687
193 637
263 637
361 637
637 800
637 823
638 830
638 932
415 638
198 638
73 638
506 638
369 638
638 698
638 896
51 638
639 708
639 791
639 816
639 662
82 639
368 639
639 782
62 639
117 639
334 639
640 987
96 640
640 951
272 640
640 713
198 640
485 640
640 993
641 825
201 641
641 833
316 641
438 641
134 641
351 641
463 641
641 909
384 641
259 642
642 644
642 809
642 851
642 966
325 642
642 739
642 982
642 855
642 654
643 793
467 643
608 643
405 643
3 643
378 643
9 643
524 643
36 643
182 643
644 787
644 779
644 791
446 644
469 644
644 786
644 815
462 644
199 644
483 644
22 645
645 881
441 645
201 645
642 645
439 645
498 645
489 645
645 735
18 645
646 653
584 646
646 935
599 646
238 646
411 646
646 855
60 646
91 646
647 883
214 647
556 647
647 957
647 973
305 647
647 807
162 647
647 656
643 647
648 836
414 648
611 648
501 648
648 868
402 648
19 648
407 648
320 648
648 678
527 649
649 847
508 649
163 649
610 649
649 932
40 649
169 649
420 649
649 845
240 650
114 650
650 760
650 660
229 650
650 852
650 873
650 684
650 893
250 650
82 651
480 651
9 651
651 668
56 651
651 971
278 651
233 651
651 867
171 651
179 652
87 652
342 652
347 652
652 994
227 652
322 652
563 652
652 755
652 766
521 653
269 653
489 653
145 653
653 815
653 733
653 771
653 874
653 952
654 772
654 950
654 982
183 654
348 654
56 654
572 654
237 654
654 718
654 885
307 655
655 875
616 655
101 655
257 655
88 655
535 655
655 892
655 700
356 655
177 656
656 916
656 918
656 805
533 656
656 793
97 656
471 656
449 656
458 656
398 657
451 657
487 657
657 951
657 791
70 657
527 657
187 657
259 657
195 657
571 658
658 837
319 658
153 658
433 658
440 658
46 658
628 658
209 658
658 829
531 659
181 659
167 659
659 744
549 659
659 815
659 952
278 659
567 659
544 659
394 660
170 660
660 982
264 660
660 682
69 660
583 660
100 660
661 983
284 661
631 661
661 866
267 661
661 675
489 661
661 993
661 740
539 662
628 662
662 915
630 662
485 662
662 789
189 662
239 662
111 662
580 662
663 746
630 663
119 663
663 826
495 663
38 663
146 663
663 966
663 952
663 696
359 664
518 664
664 708
608 664
664 892
124 664
167 664
664 795
180 664
72 664
665 896
665 733
349 665
665 868
225 665
24 665
401 665
650 665
665 808
665 747
666 938
343 666
666 939
666 791
319 666
666 873
403 666
389 666
647 666
666 956
667 885
99 667
613 667
183 667
667 807
2 667
667 871
646 667
667 797
495 667
668 703
496 668
668 804
668 891
481 668
668 779
668 810
258 668
31 668
669 848
574 669
669 702
528 669
669 916
1 669
669 781
620 669
669 744
85 670
354 670
345 670
176 670
670 796
670 784
533 670
179 670
670 689
478 670
73 671
671 844
88 671
198 671
671 888
671 862
392 671
149 671
202 671
142 671
604 672
672 700
348 672
612 672
672 758
268 672
672 844
620 672
277 672
379 672
593 673
59 673
383 673
589 673
673 908
537 673
95 673
673 991
162 673
62 673
674 830
674 910
674 926
674 970
603 674
145 674
491 674
113 674
102 674
89 674
675 874
498 675
675 883
478 675
423 675
675 938
454 675
274 675
675 946
675 944
364 676
359 676
676 856
30 676
676 932
676 791
533 676
638 676
104 676
147 676
42 677
677 846
53 677
677 917
677 838
677 918
466 677
669 677
596 677
314 677
678 898
370 678
284 678
678 944
403 678
447 678
359 678
478 678
294 678
628 679
679 702
412 679
621 679
599 679
679 840
679 778
507 679
679 696
679 1000
363 680
591 680
408 680
680 833
155 680
680 728
161 680
367 680
473 680
109 680
124 681
20 681
494 681
551 681
358 681
337 681
488 681
681 839
681 856
212 681
369 682
591 682
232 682
447 682
226 682
354 682
682 953
682 808
547 682
682 950
149 683
315 683
410 683
58 683
683 709
683 822
640 683
683 806
683 895
272 683
503 684
528 684
684 869
488 684
314 684
684 758
684 993
157 684
592 684
507 684
685 868
436 685
637 685
428 685
149 685
685 994
631 685
486 685
229 685
677 685
665 686
686 936
648 686
173 686
628 686
163 686
48 686
565 686
686 760
686 794
285 687
505 687
687 853
687 796
447 687
687 995
687 824
522 687
656 687
638 687
183 688
55 688
688 721
688 759
688 741
200 688
278 688
688 868
688 967
688 905
642 689
689 788
672 689
89 689
689 983
689 783
527 689
689 985
689 865
16 689
618 690
206 690
302 690
368 690
498 690
152 690
451 690
690 839
690 965
516 691
691 976
691 966
691 813
347 691
179 691
224 691
691 710
91 691
691 963
305 692
630 692
692 990
459 692
692 1001
75 692
357 692
692 696
465 692
692 880
545 693
170 693
693 718
625 693
187 693
693 712
480 693
693 699
207 693
693 821
417 694
694 923
527 694
21 694
673 694
694 874
39 694
694 796
694 803
665 694
190 695
588 695
189 695
695 832
430 695
228 695
132 695
73 695
387 695
148 695
342 696
696 791
696 919
471 696
226 696
161 696
185 696
696 844
696 739
148 696
280 697
697 764
697 875
697 969
697 964
81 697
697 880
179 697
697 710
59 697
698 874
526 698
698 907
241 698
343 698
228 698
698 840
698 766
698 960
698 832
699 798
321 699
699 718
135 699
525 699
699 747
699 956
153 699
664 699
38 699
700 798
282 700
643 700
663 700
700 847
700 723
646 700
700 850
177 700
112 700
246 701
644 701
632 701
701 912
364 701
415 701
501 701
283 701
634 701
701 946
656 702
447 702
702 898
21 702
508 702
702 884
702 870
273 702
377 702
207 702
703 779
594 703
703 884
656 703
279 703
703 932
703 996
101 703
703 881
547 703
25 704
478 704
704 980
396 704
194 704
124 704
500 704
183 704
663 704
433 704
463 705
652 705
705 902
25 705
705 928
547 705
705 784
705 770
702 705
6 705
527 706
402 706
132 706
706 879
230 706
89 706
706 829
446 706
706 971
706 878
707 828
634 707
583 707
316 707
594 707
674 707
414 707
344 707
271 707
291 707
708 940
708 929
258 708
584 708
84 708
537 708
46 708
58 708
708 847
708 773
180 709
485 709
598 709
80 709
223 709
709 798
709 908
709 958
709 792
709 979
46 710
632 710
184 710
375 710
228 710
590 710
314 710
660 710
101 710
439 710
467 711
569 711
711 786
8 711
710 711
596 711
600 711
605 711
319 711
29 711
698 712
290 712
712 744
85 712
712 946
157 712
444 712
712 941
712 836
470 712
256 713
713 965
115 713
78 713
336 713
218 713
374 713
713 714
368 713
713 905
224 714
368 714
656 714
426 714
432 714
212 714
660 714
714 852
714 721
229 714
347 715
217 715
85 715
702 715
594 715
123 715
178 715
415 715
668 715
715 843
635 716
716 749
142 716
694 716
334 716
603 716
496 716
53 716
716 911
716 856
115 717
64 717
533 717
551 717
514 717
717 807
579 717
426 717
567 717
644 717
446 718
140 718
718 866
404 718
237 718
234 718
464 718
415 718
711 718
411 718
72 719
667 719
589 719
132 719
123 719
623 719
541 719
136 719
719 807
719 924
545 720
657 720
574 720
3 720
548 720
141 720
347 720
335 720
720 889
637 720
721 954
236 721
250 721
721 863
461 721
721 911
540 721
473 721
563 721
708 721
198 722
385 722
16 722
624 722
314 722
676 722
490 722
481 722
648 722
137 722
723 946
723 979
226 723
487 723
723 857
66 723
450 723
512 723
555 723
609 723
581 724
193 724
642 724
724 991
724 851
58 724
69 724
720 724
597 724
389 724
23 725
247 725
696 725
318 725
69 725
525 725
714 725
725 791
649 725
560 725
726 811
359 726
224 726
177 726
722 726
508 726
310 726
726 943
231 726
636 726
710 727
727 997
596 727
264 727
178 727
412 727
606 727
727 730
83 727
118 727
472 728
245 728
728 802
484 728
728 764
728 953
20 728
550 728
229 728
346 728
380 729
729 953
173 729
636 729
9 729
628 729
729 984
186 729
729 948
729 827
360 730
379 730
389 730
98 730
250 730
730 848
543 730
265 730
252 730
731 779
440 731
690 731
731 906
36 731
83 731
731 912
428 731
82 731
514 731
106 732
315 732
732 800
159 732
591 732
148 732
369 732
732 940
329 732
321 732
479 733
112 733
288 733
239 733
601 733
733 980
733 786
501 733
661 733
733 916
71 734
655 734
483 734
397 734
687 734
606 734
665 734
515 734
109 734
689 734
488 735
544 735
673 735
198 735
292 735
735 772
735 871
421 735
232 735
735 912
588 736
670 736
736 794
638 736
700 736
224 736
263 736
622 736
736 963
251 736
737 816
285 737
266 737
737 854
714 737
570 737
737 843
737 830
563 737
129 737
452 738
274 738
738 890
106 738
335 738
738 763
396 738
651 738
317 738
333 738
656 739
321 739
308 739
30 739
653 739
727 739
739 832
739 994
739 894
57 739
318 740
470 740
8 740
740 804
740 756
740 938
631 740
364 740
740 989
552 740
445 741
741 796
536 741
741 947
321 741
128 741
661 741
437 741
729 741
741 986
642 742
742 941
356 742
445 742
252 742
742 746
39 742
742 760
742 987
291 742
80 743
743 862
684 743
743 753
710 743
4 743
743 855
196 743
605 743
718 743
744 787
214 744
47 744
124 744
744 875
744 850
678 744
103 744
215 744
256 744
570 745
87 745
640 745
492 745
239 745
677 745
745 758
413 745
85 745
656 745
328 746
518 746
575 746
741 746
746 948
746 819
352 746
316 746
746 984
38 746
747 818
584 747
115 747
158 747
465 747
386 747
747 970
571 747
518 747
539 747
748 918
640 748
339 748
328 748
385 748
748 825
440 748
335 748
748 757
653 748
749 821
351 749
749 852
20 749
749 877
749 806
696 749
749 773
685 749
448 749
251 750
350 750
331 750
608 750
647 750
561 750
750 844
280 750
657 750
68 750
442 751
751 970
536 751
196 751
466 751
463 751
518 751
397 751
544 751
158 752
752 961
752 803
187 752
749 752
752 853
21 752
253 752
709 752
398 753
473 753
149 753
753 908
207 753
627 753
753 844
548 753
368 753
704 753
344 754
754 878
320 754
213 754
731 754
366 754
754 877
138 754
754 988
175 754
755 841
256 755
752 755
524 755
641 755
468 755
227 755
755 946
44 755
755 927
756 813
73 756
235 756
756 965
86 756
216 756
480 756
500 756
292 756
756 995
417 757
592 757
757 769
757 864
440 757
19 757
303 757
757 904
707 757
95 757
43 758
498 758
535 758
758 941
50 758
758 1000
758 997
120 758
240 758
758 869
759 762
759 808
125 759
759 815
759 918
264 759
691 759
15 759
607 759
378 759
760 990
760 843
8 760
71 760
760 872
152 760
309 760
31 760
336 760
335 760
697 761
158 761
430 761
553 761
761 839
761 956
9 761
755 761
761 922
761 915
187 762
94 762
527 762
317 762
13 762
392 762
553 762
315 762
762 820
220 762
662 763
617 763
550 763
596 763
614 763
469 763
178 763
763 894
132 763
471 763
319 764
188 764
689 764
764 897
764 910
292 764
764 964
717 764
380 764
410 764
401 765
27 765
396 765
551 765
277 765
326 765
593 765
594 765
765 769
765 909
705 766
592 766
274 766
576 766
319 766
766 954
405 766
766 927
410 766
488 766
162 767
9 767
767 997
618 767
767 803
767 817
548 767
222 767
716 767
645 767
164 768
93 768
768 882
28 768
479 768
47 768
768 891
52 768
559 768
719 768
8 769
769 892
599 769
769 875
745 769
29 769
755 769
769 884
713 769
769 777
400 770
448 770
244 770
770 804
493 770
665 770
456 770
444 770
178 770
747 770
771 917
484 771
771 825
98 771
198 771
72 771
13 771
356 771
109 771
771 828
690 772
107 772
658 772
772 813
689 772
593 772
20 772
576 772
420 772
745 772
251 773
773 815
408 773
573 773
161 773
182 773
134 773
711 773
773 803
77 774
774 874
774 941
134 774
551 774
363 774
523 774
18 774
159 774
189 774
427 775
550 775
775 878
707 775
547 775
389 775
287 775
722 775
556 775
416 775
735 776
528 776
137 776
406 776
225 776
614 776
43 776
776 791
776 933
446 776
327 777
777 887
549 777
436 777
777 985
777 876
777 966
355 777
161 777
241 777
239 778
778 956
362 778
566 778
510 778
643 778
607 778
680 778
157 778
397 778
636 779
659 779
779 986
200 779
11 779
440 779
779 792
160 779
687 779
780 807
499 780
780 1001
768 780
326 780
780 784
86 780
443 780
173 780
10 780
424 781
393 781
184 781
502 781
428 781
535 781
308 781
657 781
438 781
637 781
162 782
782 999
270 782
230 782
553 782
782 942
759 782
562 782
227 782
19 782
783 813
139 783
569 783
673 783
564 783
783 957
304 783
654 783
783 947
624 783
356 784
784 939
784 862
167 784
500 784
551 784
784 865
422 784
438 784
784 821
568 785
487 785
93 785
785 914
748 785
548 785
785 872
211 785
298 785
785 879
208 786
587 786
646 786
786 926
404 786
786 865
223 786
177 786
564 786
385 786
310 787
558 787
614 787
697 787
490 787
141 787
787 866
633 787
787 919
590 787
595 788
235 788
174 788
609 788
128 788
604 788
603 788
230 788
788 825
665 788
789 975
733 789
36 789
772 789
575 789
589 789
237 789
785 789
683 789
554 789
46 790
638 790
790 827
580 790
381 790
78 790
165 790
155 790
790 972
161 790
387 791
500 791
170 791
139 791
791 830
717 791
73 791
791 917
619 791
508 791
143 792
173 792
103 792
726 792
207 792
160 792
562 792
604 792
792 899
331 792
681 793
793 799
76 793
793 817
708 793
623 793
354 793
378 793
793 956
657 794
176 794
606 794
645 794
192 794
714 794
168 794
283 794
188 794
794 828
260 795
137 795
795 833
775 795
795 798
290 795
459 795
376 795
607 795
795 924
388 796
209 796
36 796
16 796
150 796
298 796
488 796
175 796
49 796
796 914
257 797
745 797
738 797
6 797
412 797
584 797
797 857
393 797
350 797
797 951
798 858
205 798
776 798
231 798
798 958
721 798
742 798
798 823
579 798
758 798
410 799
699 799
516 799
664 799
100 799
565 799
563 799
442 799
80 799
765 799
605 800
374 800
389 800
800 859
800 837
262 800
368 800
577 800
795 800
800 971
688 801
424 801
81 801
801 857
636 801
210 801
18 801
490 801
600 801
428 801
238 802
289 802
802 974
43 802
748 802
802 878
142 802
601 802
168 802
751 802
803 960
791 803
287 803
397 803
414 803
583 803
519 803
666 803
646 803
504 803
683 804
12 804
575 804
218 804
201 804
234 804
324 804
291 804
804 866
677 804
547 805
805 985
805 935
272 805
805 846
26 805
805 884
805 811
731 805
386 805
806 876
252 806
630 806
160 806
259 806
671 806
554 806
786 806
770 806
461 807
19 807
407 807
324 807
83 807
11 807
807 992
530 807
248 807
557 807
808 815
372 808
808 823
359 808
808 874
312 808
494 808
499 808
107 808
626 808
809 882
728 809
809 978
93 809
334 809
314 809
664 809
809 997
750 809
406 809
226 810
6 810
117 810
810 854
681 810
29 810
810 978
21 810
810 958
766 810
377 811
653 811
213 811
531 811
802 811
811 818
712 811
468 811
519 811
451 811
65 812
812 814
703 812
812 867
501 812
71 812
812 835
812 901
729 812
101 812
6 813
271 813
469 813
438 813
712 813
419 813
813 956
813 814
404 813
555 813
387 814
761 814
20 814
346 814
814 981
128 814
432 814
562 814
215 814
543 814
378 815
298 815
815 975
44 815
712 815
387 815
296 815
276 815
5 815
816 985
659 816
816 992
175 816
456 816
517 816
23 816
738 816
580 816
775 817
257 817
817 1000
194 817
343 817
66 817
817 942
764 817
817 819
17 817
601 818
52 818
807 818
348 818
139 818
640 818
461 818
690 818
818 928
186 818
505 819
86 819
105 819
570 819
370 819
552 819
765 819
819 936
325 819
819 905
601 820
594 820
757 820
46 820
161 820
109 820
575 820
98 820
119 820
820 878
293 821
324 821
139 821
821 878
418 821
821 991
695 821
605 821
814 821
172 821
822 907
26 822
588 822
339 822
355 822
762 822
380 822
732 822
110 822
219 822
211 823
424 823
360 823
771 823
174 823
629 823
30 823
308 823
699 823
823 833
461 824
757 824
480 824
824 939
406 824
824 972
153 824
148 824
35 824
824 996
775 825
264 825
447 825
120 825
327 825
825 861
537 825
130 825
45 825
826 986
342 826
826 945
826 1001
518 826
137 826
261 826
826 831
129 826
580 826
565 827
788 827
2 827
16 827
307 827
827 886
585 827
798 827
657 827
261 827
634 828
481 828
59 828
828 841
193 828
828 952
256 828
223 828
387 828
197 828
829 853
675 829
562 829
117 829
156 829
727 829
651 829
267 829
158 829
829 936
625 830
462 830
423 830
830 919
707 830
377 830
781 830
17 830
830 897
689 830
157 831
799 831
689 831
55 831
430 831
414 831
208 831
671 831
64 831
144 831
828 832
448 832
350 832
167 832
415 832
148 832
71 832
209 832
832 977
365 832
31 833
446 833
306 833
816 833
804 833
274 833
497 833
561 833
833 916
833 900
603 834
36 834
496 834
781 834
653 834
834 874
834 837
834 988
198 834
73 835
209 835
434 835
699 835
590 835
491 835
833 835
312 835
669 835
180 835
586 836
725 836
569 836
836 884
825 836
743 836
345 836
494 836
94 836
253 836
677 837
825 837
83 837
54 837
399 837
228 837
810 837
837 997
837 959
274 837
462 838
410 838
447 838
160 838
245 838
187 838
753 838
774 838
743 838
741 838
804 839
184 839
473 839
421 839
357 839
839 875
506 839
680 839
338 839
205 840
190 840
840 929
380 840
654 840
782 840
587 840
618 840
199 840
439 840
169 841
207 841
200 841
661 841
663 841
498 841
371 841
810 841
296 841
151 842
408 842
148 842
720 842
769 842
500 842
842 963
547 842
315 842
775 842
843 929
843 882
728 843
69 843
61 843
752 843
771 843
96 843
364 843
157 843
717 844
347 844
532 844
579 844
844 964
256 844
375 844
703 844
80 844
41 844
808 845
378 845
729 845
678 845
845 922
369 845
845 900
565 845
453 845
845 925
846 924
846 864
613 846
223 846
846 951
419 846
201 846
50 846
657 846
568 846
436 847
63 847
702 847
603 847
615 847
652 847
73 847
311 847
525 847
130 847
633 848
413 848
721 848
848 990
4 848
544 848
585 848
535 848
848 1000
809 848
692 849
420 849
756 849
739 849
704 849
262 849
849 866
849 881
790 849
457 850
41 850
123 850
397 850
133 850
395 850
850 865
340 850
160 850
252 850
81 851
486 851
791 851
431 851
308 851
661 851
851 1001
851 861
338 851
851 978
486 852
83 852
362 852
824 852
702 852
836 852
851 852
608 852
811 852
77 853
519 853
591 853
523 853
697 853
797 853
194 853
269 853
853 989
455 853
30 854
854 927
440 854
854 867
27 854
854 947
543 854
851 854
276 854
363 854
397 855
430 855
736 855
24 855
219 855
534 855
724 855
855 931
448 855
855 938
657 856
856 1002
856 890
58 856
318 856
295 856
856 858
217 856
750 856
278 857
568 857
684 857
508 857
384 857
542 857
225 857
857 915
117 857
419 857
858 976
858 925
192 858
96 858
858 895
284 858
858 926
513 858
858 887
631 858
293 859
642 859
315 859
75 859
792 859
66 859
477 859
859 896
91 859
9 859
562 860
707 860
231 860
860 982
482 860
728 860
860 981
488 860
211 860
860 911
286 861
861 897
658 861
610 861
409 861
195 861
170 861
423 861
167 861
775 861
86 862
194 862
862 933
508 862
309 862
634 862
346 862
862 952
795 862
293 862
823 863
669 863
236 863
452 863
863 934
790 863
46 863
715 863
211 863
598 863
512 864
561 864
158 864
12 864
468 864
52 864
405 864
756 864
700 864
679 864
534 865
865 882
419 865
358 865
421 865
476 865
516 865
654 865
226 865
243 865
106 866
357 866
801 866
666 866
381 866
206 866
785 866
528 866
664 866
653 867
867 940
867 876
867 946
867 931
228 867
101 867
768 867
596 867
66 867
210 868
206 868
151 868
713 868
147 868
868 970
103 868
190 868
38 868
712 868
269 869
415 869
869 927
869 898
655 869
600 869
251 869
169 869
605 869
869 964
821 870
256 870
681 870
15 870
819 870
1 870
110 870
870 990
870 926
870 946
748 871
871 980
553 871
776 871
757 871
576 871
629 871
92 871
669 871
354 871
228 872
366 872
75 872
579 872
513 872
29 872
337 872
706 872
872 916
692 872
652 873
440 873
585 873
591 873
526 873
362 873
372 873
383 873
178 873
570 873
476 874
5 874
597 874
855 874
422 874
874 945
874 921
226 874
357 874
134 874
552 875
875 902
623 875
869 875
650 875
776 875
558 875
656 875
372 875
875 927
283 876
392 876
56 876
829 876
92 876
397 876
568 876
765 876
876 958
408 876
224 877
877 981
624 877
246 877
138 877
556 877
20 877
25 877
773 877
345 878
799 878
552 878
354 878
222 878
327 878
878 936
342 878
878 893
152 878
387 879
232 879
377 879
120 879
161 879
149 879
879 921
455 879
797 879
871 879
220 880
207 880
450 880
36 880
203 880
782 880
45 880
311 880
764 880
659 880
881 886
638 881
881 931
721 881
13 881
881 938
226 881
637 881
53 881
27 881
665 882
543 882
274 882
778 882
882 907
781 882
719 882
837 882
882 884
159 882
3 883
577 883
469 883
48 883
251 883
525 883
735 883
883 910
35 883
65 883
480 884
656 884
583 884
676 884
228 884
484 884
818 884
884 1001
813 884
217 884
383 885
860 885
697 885
425 885
775 885
317 885
629 885
821 885
144 885
189 886
747 886
609 886
286 886
886 980
393 886
847 886
886 970
350 886
676 886
440 887
292 887
809 887
825 887
43 887
73 887
481 887
792 887
575 887
241 887
276 888
555 888
322 888
584 888
521 888
662 888
701 888
515 888
372 888
841 888
491 889
180 889
70 889
409 889
286 889
9 889
776 889
672 889
828 889
352 889
890 950
183 890
544 890
238 890
763 890
575 890
504 890
364 890
688 890
270 890
599 891
250 891
506 891
58 891
146 891
870 891
685 891
625 891
891 916
825 892
677 892
217 892
3 892
524 892
482 892
193 892
334 892
522 892
240 892
625 893
357 893
367 893
397 893
307 893
311 893
743 893
76 893
21 893
297 893
40 894
784 894
310 894
19 894
171 894
263 894
187 894
894 965
550 894
631 894
664 895
655 895
345 895
441 895
587 895
894 895
518 895
412 895
383 895
278 895
36 896
390 896
594 896
535 896
363 896
37 896
269 896
548 896
722 896
165 897
897 982
721 897
312 897
897 950
369 897
78 897
651 897
6 897
168 898
115 898
88 898
898 977
365 898
180 898
64 898
94 898
161 898
210 898
501 899
806 899
781 899
713 899
899 982
302 899
451 899
9 899
704 899
844 900
509 900
803 900
900 948
63 900
236 900
180 900
49 900
417 900
656 900
316 901
750 901
402 901
140 901
901 911
604 901
651 901
890 901
537 901
562 901
902 969
688 902
685 902
766 902
440 902
749 902
506 902
823 902
750 902
377 902
903 965
903 928
87 903
811 903
413 903
235 903
425 903
315 903
351 903
582 903
767 904
395 904
315 904
320 904
227 904
600 904
99 904
904 960
680 904
119 904
610 905
769 905
485 905
501 905
392 905
750 905
271 905
711 905
385 905
25 906
649 906
723 906
278 906
126 906
666 906
906 921
882 906
249 906
907 949
596 907
725 907
412 907
907 971
664 907
183 907
893 907
502 907
377 907
822 908
792 908
677 908
899 908
599 908
515 908
222 908
369 908
66 908
215 908
387 909
909 941
267 909
176 909
313 909
582 909
888 909
296 909
577 909
909 995
897 910
706 910
910 984
523 910
41 910
511 910
170 910
196 910
228 910
134 911
185 911
754 911
613 911
532 911
277 911
382 911
181 911
276 911
43 912
272 912
34 912
609 912
54 912
852 912
620 912
677 912
866 912
64 912
753 913
875 913
619 913
408 913
192 913
689 913
335 913
880 913
565 913
887 913
837 914
293 914
505 914
547 914
614 914
914 946
576 914
621 914
63 914
253 914
175 915
63 915
64 915
915 935
512 915
779 915
272 915
631 915
717 915
453 915
517 916
278 916
167 916
374 916
399 916
563 916
108 916
714 916
19 916
675 916
417 917
814 917
612 917
653 917
763 917
3 917
348 917
160 917
604 917
149 917
738 918
191 918
773 918
505 918
402 918
918 930
596 918
252 918
380 918
443 918
42 919
683 919
738 919
620 919
743 919
896 919
817 919
721 919
621 919
237 919
39 920
53 920
246 920
657 920
920 925
272 920
748 920
920 964
369 920
719 920
413 921
224 921
455 921
231 921
921 978
438 921
790 921
678 921
868 921
900 921
657 922
465 922
922 970
687 922
116 922
766 922
389 922
469 922
282 922
461 922
758 923
374 923
151 923
684 923
754 923
490 923
319 923
587 923
111 923
909 923
823 924
496 924
472 924
915 924
629 924
386 924
848 924
597 924
924 986
842 924
893 925
417 925
231 925
335 925
527 925
687 925
411 925
545 925
44 925
58 925
926 946
634 926
257 926
316 926
859 926
812 926
219 926
114 926
861 926
222 926
693 927
37 927
178 927
262 927
314 927
404 927
100 927
523 927
927 942
229 927
894 928
908 928
489 928
637 928
187 928
67 928
256 928
928 950
769 928
48 928
163 929
80 929
268 929
613 929
465 929
508 929
929 955
308 929
718 929
263 929
731 930
558 930
30 930
306 930
201 930
930 994
930 984
375 930
675 930
930 1002
577 931
480 931
770 931
931 959
658 931
315 931
610 931
57 931
866 931
835 931
274 932
402 932
545 932
57 932
581 932
127 932
597 932
577 932
932 954
353 933
652 933
50 933
898 933
820 933
810 933
400 933
192 933
552 933
787 933
507 934
247 934
427 934
436 934
934 978
690 934
820 934
72 934
770 934
466 934
496 935
771 935
406 935
705 935
332 935
309 935
151 935
686 935
337 935
45 935
553 936
647 936
365 936
865 936
449 936
759 936
43 936
160 936
59 936
701 936
855 937
658 937
880 937
184 937
613 937
609 937
610 937
349 937
271 937
691 938
852 938
94 938
880 938
739 938
753 938
790 938
351 938
192 938
938 996
420 939
829 939
939 997
174 939
723 939
57 939
329 939
667 939
822 939
163 939
372 940
817 940
469 940
40 940
321 940
772 940
360 940
278 940
575 940
940 1001
812 941
345 941
772 941
87 941
407 941
185 941
415 941
305 941
681 941
141 941
932 942
194 942
661 942
200 942
838 942
118 942
912 942
213 942
248 942
484 942
93 943
104 943
98 943
943 999
812 943
403 943
622 943
81 943
389 943
250 943
3 944
758 944
489 944
944 967
767 944
592 944
567 944
783 944
481 944
807 944
226 945
489 945
735 945
770 945
334 945
640 945
945 961
544 945
59 945
122 945
466 946
431 946
845 946
267 946
197 946
946 963
468 946
839 946
724 946
448 947
257 947
16 947
610 947
947 966
684 947
666 947
658 947
901 947
127 947
892 948
590 948
19 948
30 948
106 948
777 948
580 948
319 948
396 948
686 948
604 949
310 949
766 949
801 949
742 949
153 949
872 949
785 949
591 949
432 949
855 950
296 950
327 950
212 950
426 950
591 950
355 950
919 950
66 950
710 950
951 952
18 951
163 951
650 951
913 951
933 951
573 951
527 951
510 951
554 951
670 952
255 952
661 952
775 952
425 952
123 952
952 979
855 952
250 952
204 952
431 953
576 953
846 953
624 953
383 953
652 953
133 953
205 953
334 953
459 954
201 954
381 954
241 954
198 954
954 997
132 954
220 954
232 954
319 955
456 955
16 955
301 955
273 955
555 955
165 955
166 955
428 955
650 955
826 956
168 956
53 956
150 956
642 956
583 956
895 956
68 956
900 956
215 956
944 957
4 957
291 957
587 957
957 993
884 957
876 957
936 957
122 957
735 957
160 958
689 958
140 958
958 975
306 958
87 958
606 958
193 958
687 958
834 958
183 959
298 959
897 959
766 959
526 959
334 959
248 959
510 959
68 959
534 959
720 960
533 960
324 960
214 960
27 960
194 960
429 960
288 960
379 960
572 960
360 961
475 961
911 961
261 961
20 961
683 961
500 961
315 961
162 961
271 961
469 962
855 962
348 962
924 962
15 962
746 962
322 962
638 962
742 962
78 962
598 963
487 963
815 963
220 963
652 963
323 963
190 963
440 963
864 963
507 964
503 964
191 964
555 964
145 964
905 964
479 964
93 964
179 964
362 964
268 965
770 965
186 965
745 965
917 965
965 968
534 965
911 965
550 965
474 965
370 966
774 966
507 966
82 966
872 966
682 966
795 966
226 966
456 966
225 966
252 967
870 967
160 967
532 967
159 967
921 967
68 967
49 967
279 967
765 967
968 994
431 968
556 968
41 968
487 968
554 968
968 1000
422 968
261 968
957 968
79 969
929 969
27 969
688 969
786 969
969 984
340 969
969 983
846 969
867 969
468 970
759 970
827 970
521 970
865 970
80 970
449 970
298 970
573 970
293 970
16 971
390 971
951 971
687 971
349 971
32 971
13 971
825 971
580 971
887 971
234 972
442 972
730 972
718 972
407 972
812 972
624 972
393 972
376 972
371 972
141 973
973 999
652 973
951 973
650 973
728 973
784 973
202 973
380 973
580 973
480 974
197 974
226 974
542 974
470 974
974 989
364 974
556 974
830 974
624 975
41 975
947 975
122 975
741 975
239 975
351 975
536 975
487 975
736 975
653 976
217 976
173 976
252 976
942 976
454 976
753 976
268 976
206 976
670 976
672 977
391 977
355 977
364 977
875 977
970 977
193 977
596 977
202 977
176 977
978 994
580 978
227 978
576 978
522 978
253 978
299 978
133 978
258 978
600 978
874 979
551 979
478 979
161 979
349 979
294 979
797 979
655 979
177 979
979 999
5 980
33 980
542 980
41 980
166 980
980 994
522 980
831 980
606 980
901 980
931 981
282 981
408 981
196 981
182 981
31 981
333 981
605 981
402 981
300 981
118 982
426 982
336 982
647 982
780 982
769 982
43 982
849 982
682 982
317 982
875 983
893 983
235 983
353 983
551 983
764 983
665 983
654 983
939 983
670 983
548 984
24 984
934 984
396 984
721 984
468 984
130 984
402 984
617 984
252 984
723 985
860 985
770 985
716 985
696 985
864 985
587 985
662 985
922 985
927 985
618 986
23 986
545 986
417 986
879 986
12 986
715 986
663 986
207 986
123 986
623 987
349 987
736 987
280 987
19 987
409 987
740 987
275 987
223 987
183 987
40 988
310 988
721 988
228 988
907 988
384 988
988 1001
939 988
597 988
891 988
897 989
655 989
404 989
359 989
470 989
855 989
780 989
339 989
252 989
436 990
304 990
207 990
278 990
603 990
288 990
437 990
434 990
473 990
780 990
227 991
141 991
103 991
575 991
199 991
559 991
801 991
872 991
219 991
342 991
355 992
595 992
267 992
544 992
677 992
988 992
911 992
295 992
743 992
673 992
153 993
895 993
194 993
584 993
278 993
245 993
490 993
137 993
89 993
858 993
470 994
89 994
754 994
813 994
784 994
110 994
331 994
594 994
891 994
349 994
211 995
266 995
386 995
43 995
278 995
850 995
776 995
754 995
585 995
809 995
294 996
44 996
870 996
359 996
543 996
190 996
309 996
274 996
728 996
59 996
57 997
95 997
49 997
86 997
726 997
333 997
328 997
55 997
673 997
996 997
964 998
149 998
847 998
734 998
211 998
437 998
428 998
21 998
615 998
33 998
982 999
396 999
370 999
324 999
72 999
64 999
779 999
139 999
171 999
49 999
315 1000
920 1000
471 1000
496 1000
374 1000
907 1000
830 1000
388 1000
404 1000
313 1000
619 1001
865 1001
198 1001
704 1001
570 1001
357 1001
739 1001
929 1001
791 1001
216 1001
522 1002
16 1002
453 1002
918 1002
848 1002
571 1002
617 1002
488 1002
855 1002
