65088
1002 9911
58576
58568
58556
58550
58530
58502
58420
58408
58400
58376
58364
58358
58272
58258
58236
58216
58204
58184
58150
58148
58102
58066
58016
57992
57964
57936
57932
57874
57826
57824
57804
57800
57776
57757
57740
57704
57699
57698
57634
57588
57581
57506
57504
57442
57416
57410
57404
57393
57360
57268
57234
57224
57218
57212
57201
57184
57168
57154
57104
57058
57057
57032
56952
56916
56899
56866
56852
56800
56754
56714
56700
56656
56621
56542
56539
56508
56499
56420
56398
56376
56352
56280
56272
56263
56134
56120
56099
56088
56036
56016
56004
55997
55974
55972
55928
55792
55752
55712
55679
55654
55515
55494
55472
55452
55392
55376
55364
55323
55275
55240
55144
55078
55030
55008
54952
54814
54807
54806
54772
54771
54723
54704
54660
54656
54645
54608
54560
54456
54280
54266
54143
54083
54074
54051
53962
53924
53876
53808
53700
53680
53668
53661
53600
53594
53498
53492
53480
53448
53384
53310
53192
53173
53141
53049
52926
52896
52695
52688
52668
52560
52524
52448
52432
52394
52362
52168
52104
52071
52064
52032
52011
51963
51912
51906
51680
51508
51364
51191
51184
51130
51079
51056
50928
50840
50657
50656
50638
50632
50592
50300
50282
49836
49724
49718
49625
49613
49561
49449
49401
49376
49264
49257
49243
49136
49124
49096
49032
49008
48928
48912
48840
48614
48582
48534
48480
48438
47996
47927
47815
47658
47657
47276
47078
46960
46952
46920
46856
46832
46816
46664
46284
46025
45984
45913
45753
45446
45430
45414
45389
45382
45341
45334
45238
45147
45092
44652
44624
44496
44368
44328
44232
44200
44000
43808
43768
43636
43624
43245
43238
43062
43022
43013
42976
42974
42918
42878
42514
42249
42144
41916
41760
41520
41392
41376
41232
40976
40865
40856
40680
40157
39988
39970
39801
39794
39753
39714
39698
39650
39522
39506
39494
38716
38240
37856
37808
37408
37328
37160
37128
37104
37064
36872
36664
36544
36541
36481
36433
36362
36346
36140
35724
34208
33440
33056
32688
32624
32608
32584
32570
32562
32560
32557
32556
32554
32553
32552
32549
32548
32546
32545
32256
31412
28608
27304
27122
27121
27120
27117
27116
27114
27113
27111
27106
27104
27102
27096
27056
27024
26720
26700
26400
26320
25760
25022
24124
24000
23954
23942
23881
23841
23808
23791
23688
23670
23528
23495
23433
23368
23304
23288
23152
23072
23044
22896
22752
22736
22432
22144
21728
21482
21330
21306
21295
21202
21162
20934
20924
20832
20777
20610
20344
20200
20024
19888
19808
19760
19664
19316
19168
19033
18876
18814
18510
18478
18464
18430
18397
18390
18210
18203
17924
17809
17768
17760
17416
17384
17304
17296
17296
17072
16668
16542
16462
16457
16422
16417
16398
16382
16370
16113
15981
15968
15887
15676
15368
15264
15216
15208
15144
15128
15120
15010
14844
14530
14527
14526
14395
14301
14244
14172
13878
13856
13798
13758
13730
13600
13544
13488
13424
13384
13336
13308
13296
13205
13200
13193
13152
13073
13033
12941
12897
12887
12810
12716
12324
12320
12128
12064
12056
12042
12027
11880
11824
11730
11696
11675
11634
11600
11581
11444
11324
11296
10986
10984
10939
10912
10902
10899
10849
10824
10776
10654
10582
10576
10565
10476
10448
10356
10352
10329
10208
10138
10033
9957
9931
9928
9768
9704
9688
9668
9632
9582
9524
9523
9520
9492
9483
9462
9424
9348
9308
9274
9199
9182
9121
9120
9022
9016
9008
8896
8872
8768
8752
8703
8696
8692
8656
8639
8624
8604
8599
8569
8562
8456
8416
8382
8342
8323
8296
8216
8179
8120
8112
8108
8096
8036
8015
8000
7998
7979
7862
7841
7840
7760
7640
7604
7598
7572
7568
7548
7512
7491
7462
7373
7355
7352
7328
7307
7292
7272
7242
7242
7228
7122
7057
7056
6996
6982
6946
6944
6868
6854
6840
6825
6812
6792
6728
6694
6693
6672
6670
6624
6614
6608
6573
6568
6564
6562
6524
6448
6413
6404
6402
6368
6322
6257
6252
6242
6214
6176
6168
6162
6124
6112
6111
6096
6088
6076
6062
6056
6014
5968
5964
5940
5928
5854
5822
5788
5782
5768
5740
5736
5728
5716
5694
5610
5608
5604
5600
5576
5564
5490
5456
5450
5444
5422
5422
5422
5420
5420
5420
5420
5416
5416
5408
5408
5408
5376
5376
5312
5248
5232
5120
5120
4824
4788
4784
4774
4766
4756
4736
4736
4688
4656
4656
4640
4608
4608
4544
4480
4416
4264
4260
4236
4228
4184
4176
4154
4064
4032
3968
3968
3936
3904
3904
3892
3856
3806
3776
3760
3700
3692
3684
3678
3676
3648
3640
3640
3552
3520
3472
3472
3456
3424
3392
3328
3328
3308
3296
3292
3290
3284
3282
3276
3276
3272
3222
3200
3194
3176
3136
3128
3056
3040
3024
3024
3008
3008
3008
3000
2968
2928
2904
2904
2878
2860
2848
2772
2756
2752
2748
2744
2704
2688
2672
2664
2656
2656
2656
2656
2640
2638
2624
2624
2614
2606
2586
2578
2576
2576
2560
2560
2560
2536
2512
2496
2464
2408
2404
2400
2368
2368
2368
2336
2336
2334
2324
2316
2304
2280
2256
2196
2192
2186
2178
2168
2160
2144
2132
2112
2112
2088
2080
2080
2064
2064
2048
2024
2006
1990
1984
1984
1968
1936
1936
1928
1920
1912
1904
1902
1896
1896
1888
1864
1856
1856
1856
1852
1838
1832
1824
1800
1792
1792
1760
1740
1736
1728
1728
1726
1718
1712
1712
1712
1680
1676
1668
1664
1664
1664
1648
1634
1632
1624
1616
1600
1600
1600
1596
1594
1572
1568
1536
1536
1520
1516
1512
1512
1504
1504
1498
1492
1488
1470
1456
1448
1440
1440
1440
1424
1416
1410
1408
1408
1392
1392
1388
1376
1368
1368
1364
1360
1344
1344
1344
1338
1336
1328
1320
1314
1312
1312
1312
1308
1296
1296
1288
1282
1280
1280
1280
1276
1260
1250
1248
1242
1240
1228
1224
1220
1216
1216
1216
1216
1216
1208
1200
1200
1192
1192
1184
1184
1184
1168
1168
1164
1156
1152
1152
1144
1136
1136
1136
1136
1128
1124
1120
1120
1104
1104
1104
1096
1088
1088
1088
1088
1088
1076
1056
1024
1020
996
896
848
832
820
768
688
640
608
560
496
464
440
404
384
384
282
276
266
192
16
1 65
1 422
1 212
1 49
1 821
1 811
1 524
1 872
1 728
2 372
2 38
2 975
2 620
2 125
2 237
2 662
2 132
2 40
2 32
3 586
3 671
3 410
3 313
3 105
3 32
3 112
3 979
3 763
3 454
4 80
4 983
4 785
4 577
4 86
4 887
4 402
4 755
4 772
4 389
5 455
5 155
5 777
5 535
5 201
5 962
5 761
5 564
5 342
5 369
6 870
6 533
6 254
6 27
6 155
6 403
6 145
6 641
6 446
6 749
7 654
7 571
7 587
7 596
7 689
7 26
7 653
7 173
7 95
7 380
8 318
8 551
8 828
8 473
8 100
8 448
8 68
8 910
8 664
8 519
9 28
9 302
9 703
9 875
9 452
9 745
9 381
9 196
9 861
10 133
10 18
10 259
10 270
10 168
10 319
10 555
10 37
10 56
10 966
11 185
11 918
11 269
11 241
11 617
11 51
11 501
11 240
11 205
11 716
12 777
12 599
12 411
12 321
12 457
12 395
12 744
12 438
12 310
12 108
13 90
13 57
13 260
13 58
5 13
13 785
13 131
13 398
13 984
13 934
14 855
14 649
14 474
14 996
14 740
14 490
14 544
14 809
14 410
14 623
15 979
15 692
15 130
15 752
15 201
15 612
15 781
15 802
15 577
15 217
16 208
16 668
16 214
16 492
16 250
16 534
16 926
16 633
16 259
16 155
17 252
17 360
17 723
17 554
17 764
17 657
17 307
17 865
17 423
17 437
18 920
18 369
18 257
18 150
18 709
18 285
18 183
18 573
18 598
18 242
19 443
19 295
19 868
19 964
19 633
19 970
19 24
19 475
19 843
19 720
20 935
20 590
20 197
20 925
20 642
20 430
20 187
20 278
20 592
20 778
21 727
14 21
21 421
21 38
21 343
21 416
21 650
21 958
21 51
21 270
22 654
22 286
22 443
22 808
22 271
22 562
22 116
22 136
22 482
23 702
23 839
23 187
23 34
23 524
23 587
23 519
23 126
23 961
23 859
24 746
24 614
24 879
24 402
24 396
24 907
24 194
24 227
24 915
24 977
25 614
25 754
25 616
25 139
25 32
25 477
25 770
25 700
25 649
25 623
26 767
26 732
26 195
26 684
26 827
26 255
26 955
26 956
26 711
26 270
27 416
27 950
27 703
27 415
27 314
27 985
27 670
27 947
27 213
27 228
28 57
28 312
28 414
28 549
28 669
28 490
28 990
28 56
28 83
23 28
29 180
29 309
29 310
29 906
29 326
29 156
29 517
29 676
29 297
29 571
30 185
30 496
30 236
30 698
26 30
30 982
30 286
30 277
30 376
30 222
31 413
31 310
31 389
31 174
2 31
31 920
31 440
31 487
31 907
31 382
32 535
32 65
32 349
32 565
32 558
9 32
32 171
32 262
32 43
32 853
33 842
33 828
33 950
33 142
33 947
33 874
33 259
23 33
33 918
33 797
34 562
24 34
34 221
34 517
34 74
34 788
34 577
34 223
34 126
12 34
35 872
25 35
35 164
35 726
35 844
35 281
35 898
35 200
35 40
35 592
36 968
36 368
36 136
36 891
36 951
36 903
36 889
36 787
17 36
36 810
37 550
37 624
37 688
37 139
37 733
37 885
37 106
37 65
37 618
37 170
38 201
38 123
38 421
38 173
13 38
38 97
38 420
38 393
38 300
39 67
39 55
39 861
39 47
39 623
39 587
39 128
39 355
39 523
39 692
40 543
40 841
40 720
40 961
40 414
40 388
40 286
40 361
40 442
40 515
41 768
41 137
41 237
41 360
41 580
41 800
41 857
41 898
41 438
41 742
42 720
40 42
42 244
42 241
42 138
42 454
42 578
42 79
42 339
42 607
43 778
43 180
43 838
43 96
43 366
43 278
43 709
43 164
43 458
43 905
44 307
34 44
44 287
44 451
44 872
44 499
44 113
44 233
44 663
44 695
45 285
45 62
45 317
45 956
45 304
45 857
45 679
45 92
45 493
45 677
46 276
13 46
46 718
46 393
46 364
46 590
46 511
46 947
8 46
46 213
47 273
47 631
34 47
47 517
47 437
47 948
47 427
47 74
47 860
47 529
48 590
48 894
48 668
48 825
48 488
48 510
48 519
48 155
48 601
48 138
49 853
49 634
49 649
49 718
49 426
37 49
49 525
49 333
49 547
49 186
50 686
50 313
50 688
50 634
50 758
32 50
50 1000
50 387
50 687
50 97
51 831
51 149
51 269
51 864
51 756
51 96
51 634
51 330
51 700
51 159
52 736
52 813
22 52
52 735
52 84
52 658
52 272
52 574
52 124
52 351
53 166
23 53
53 844
53 581
53 200
10 53
53 197
53 699
53 980
53 688
54 269
54 163
54 357
54 482
54 223
54 265
54 366
54 570
54 934
55 936
55 719
55 678
55 83
55 536
55 927
55 779
55 968
55 757
55 550
56 115
56 657
56 512
56 267
56 934
56 589
56 623
56 310
56 785
45 56
52 57
57 613
57 766
7 57
57 790
57 791
57 532
57 122
57 183
57 615
49 58
58 79
58 248
58 898
58 583
58 160
58 370
58 859
58 776
58 236
37 59
59 205
59 214
59 638
59 836
59 417
59 211
59 955
59 438
59 412
60 860
60 880
60 620
60 340
60 196
60 260
60 430
60 897
60 92
60 618
61 434
61 244
61 210
61 114
61 740
61 666
61 512
61 992
61 405
61 655
62 303
62 968
50 62
62 244
62 98
62 199
28 62
62 512
62 773
63 954
63 775
63 955
63 874
63 911
63 429
63 427
63 616
63 625
63 473
64 756
64 249
64 861
64 738
64 708
64 399
64 544
64 157
64 218
64 304
65 465
65 439
65 315
65 529
65 702
65 907
65 325
65 537
65 730
65 840
66 184
66 843
66 293
66 401
66 864
66 394
66 277
66 87
66 554
66 591
67 280
67 169
5 67
10 67
67 715
67 373
67 659
67 312
67 1001
67 203
68 350
68 987
68 220
68 968
68 105
68 310
68 859
68 307
68 440
68 565
69 948
33 69
69 84
69 798
69 243
69 264
69 713
69 124
69 563
70 864
70 124
70 333
70 657
70 775
70 478
70 587
70 771
70 737
70 406
71 932
71 666
71 723
14 71
71 804
71 557
71 552
71 704
71 344
71 270
72 568
61 72
72 226
72 886
72 317
30 72
72 483
72 452
72 826
72 958
73 441
73 654
73 861
73 154
73 892
73 488
73 769
73 753
73 563
56 73
74 718
74 182
74 743
74 787
50 74
74 910
74 270
74 350
74 417
74 500
75 149
75 858
75 696
75 845
75 964
75 803
75 216
75 838
75 76
75 462
76 718
76 558
76 764
76 595
76 121
76 235
76 839
76 647
76 997
76 236
77 105
77 406
59 77
77 220
77 222
77 860
77 880
77 457
77 475
77 792
78 477
78 650
78 962
78 530
78 548
32 78
78 655
78 197
78 704
78 501
79 217
79 969
79 657
79 398
79 266
79 494
79 764
79 91
79 484
79 365
80 196
80 877
80 918
80 197
80 688
80 518
80 704
80 608
80 576
80 544
81 230
81 817
81 460
81 296
81 377
81 797
81 809
81 344
81 169
81 250
82 245
82 260
82 527
82 749
82 275
82 930
82 337
62 82
82 154
82 353
83 715
83 137
83 324
16 83
83 649
74 83
46 83
83 841
83 568
83 905
84 694
84 822
84 638
19 84
84 86
84 771
84 343
84 344
24 84
84 715
85 842
85 770
85 337
85 124
85 388
85 680
85 951
85 670
85 910
85 875
86 542
86 318
50 86
86 909
86 992
86 493
86 303
86 361
86 127
86 396
87 390
87 246
87 227
87 589
87 911
59 87
87 266
87 152
87 572
87 255
63 88
88 769
88 675
88 552
88 993
88 226
87 88
88 766
88 513
88 558
89 346
82 89
89 529
89 242
89 940
89 755
89 841
89 645
89 990
89 340
90 522
90 767
90 439
90 717
90 784
86 90
90 851
90 887
90 185
90 288
91 119
91 556
91 258
12 91
91 877
91 924
91 607
91 157
91 951
91 108
92 120
92 397
92 567
92 449
92 441
92 491
92 197
92 508
92 958
92 189
93 171
93 421
93 227
93 823
93 474
93 480
93 490
93 740
93 574
93 146
94 970
94 176
94 473
94 767
94 663
94 446
94 858
94 246
94 133
94 106
95 911
25 95
95 305
95 225
95 936
95 471
95 426
95 843
95 958
95 965
96 681
96 1001
87 96
96 144
22 96
96 97
96 469
65 96
96 997
97 193
97 561
97 1002
97 497
97 137
97 818
97 709
22 97
97 167
97 819
98 423
98 342
98 118
98 830
98 824
98 474
98 322
98 126
98 173
98 291
99 320
99 115
99 514
99 854
99 772
99 756
97 99
99 992
99 442
99 846
100 294
100 701
100 152
100 440
100 138
100 766
100 689
100 852
100 378
54 100
101 854
101 481
101 601
101 243
101 846
101 961
101 216
101 174
101 389
101 561
102 754
102 106
76 102
102 121
97 102
102 433
102 976
102 547
102 807
102 590
103 153
103 756
16 103
103 737
103 947
103 864
103 715
103 107
103 594
103 399
73 104
104 471
104 431
104 860
104 204
104 440
104 265
104 537
104 811
104 460
105 857
105 707
105 374
105 345
105 303
105 775
105 445
105 704
105 417
105 849
106 689
106 723
36 106
27 106
106 869
106 656
106 184
106 168
106 614
106 124
107 861
107 625
107 185
107 408
100 107
107 575
107 921
107 224
107 852
85 107
108 797
108 710
108 370
108 927
108 532
66 108
108 841
108 170
108 866
109 831
109 682
109 254
109 776
47 109
109 765
109 926
109 798
109 635
109 285
110 218
110 701
110 778
110 827
110 725
110 120
110 483
110 574
110 900
110 836
111 948
111 341
111 487
111 361
111 989
111 338
111 299
111 607
111 798
111 803
112 430
112 839
112 736
112 167
112 832
112 560
30 112
112 462
112 311
112 470
113 416
113 466
20 113
113 498
113 323
113 119
113 910
113 565
80 113
113 429
114 884
114 464
114 398
114 702
13 114
114 691
114 468
114 460
114 682
114 967
115 345
115 208
115 843
115 612
115 982
115 874
115 670
101 115
115 852
115 406
116 197
116 654
116 135
116 734
116 415
116 234
51 116
116 287
116 360
31 116
117 371
117 816
117 231
117 680
117 428
34 117
117 196
117 556
117 607
117 726
118 634
118 445
118 985
118 627
118 135
118 245
118 937
118 927
118 799
40 118
119 588
119 281
119 507
119 855
119 427
68 119
119 355
119 270
119 558
119 658
120 799
120 415
120 851
120 681
120 608
107 120
120 331
120 606
120 481
120 853
121 847
121 931
121 550
121 462
121 986
121 750
121 156
121 441
121 593
121 880
122 694
122 194
122 581
122 765
122 330
48 122
122 452
58 122
122 936
29 122
123 853
123 663
123 482
123 227
123 588
123 330
123 957
123 649
123 176
123 336
124 750
124 331
124 662
42 124
124 655
58 124
124 677
124 386
61 124
124 394
125 842
125 297
125 349
125 661
125 544
125 619
125 478
125 767
125 181
73 125
126 401
126 847
126 915
116 126
126 578
126 488
126 832
126 134
96 126
126 554
127 677
127 213
127 597
127 563
127 678
127 559
6 127
127 405
66 127
127 793
128 669
32 128
128 794
128 727
128 665
128 287
128 353
128 978
128 298
128 651
129 343
129 793
61 129
129 435
129 440
129 834
129 544
129 833
129 490
129 461
130 925
130 186
130 947
130 933
130 294
130 432
130 636
59 130
130 513
130 771
131 685
131 150
131 132
131 179
131 630
131 408
131 325
131 329
131 974
131 157
132 987
132 267
79 132
132 880
132 988
132 803
132 294
132 188
132 146
132 174
133 618
83 133
133 838
34 133
133 854
133 792
133 570
133 464
133 447
133 847
134 260
134 173
134 655
93 134
134 380
134 713
134 468
134 787
50 134
134 201
135 340
135 161
135 311
135 137
135 968
135 598
135 384
121 135
135 163
135 366
136 750
136 266
136 602
136 809
99 136
136 340
136 469
136 450
136 215
136 514
137 863
137 789
137 794
137 428
137 714
137 441
137 669
137 422
33 137
16 137
138 848
138 420
138 205
138 855
138 954
138 651
138 339
138 298
138 827
138 257
139 649
134 139
54 139
139 425
139 265
139 876
139 535
139 976
139 805
139 809
140 269
140 722
108 140
140 363
33 140
140 697
140 324
140 496
140 471
140 218
141 759
141 812
141 894
141 563
141 933
141 205
141 784
141 697
141 405
141 451
142 552
142 341
142 503
142 693
142 705
142 240
142 698
142 801
142 763
142 498
143 432
143 922
143 671
143 245
143 729
143 444
143 619
143 216
85 143
23 143
103 144
144 535
144 304
144 954
144 400
144 276
144 245
144 217
144 531
144 876
145 802
145 282
145 149
145 576
145 420
145 791
145 655
145 146
133 145
145 959
105 146
146 723
146 148
146 380
146 419
146 656
146 225
146 668
146 248
146 768
147 693
18 147
147 243
147 583
147 597
147 344
147 487
147 467
147 158
122 147
148 631
148 563
148 906
148 457
148 951
148 554
96 148
148 856
148 285
148 400
35 149
149 816
149 808
149 970
149 666
149 758
149 642
149 874
149 189
149 402
150 399
150 368
53 150
150 961
150 336
98 150
150 689
150 598
150 659
150 160
151 419
151 450
151 181
151 538
151 523
151 439
151 230
151 512
151 467
151 213
152 233
152 738
152 672
152 976
152 256
152 862
152 715
152 558
152 291
152 419
153 416
153 274
153 537
38 153
153 664
153 565
153 619
153 319
153 840
153 570
154 975
154 398
137 154
154 293
154 217
154 825
154 466
127 154
130 154
93 154
155 490
155 279
155 340
155 588
155 753
155 413
155 942
85 155
132 155
155 512
45 156
156 902
156 887
156 247
156 518
75 156
156 689
156 451
156 890
156 460
157 354
157 251
157 547
157 458
157 390
157 749
157 546
157 227
157 778
49 157
158 438
158 801
158 909
158 210
158 838
158 693
158 283
158 666
158 173
158 558
84 159
159 517
159 481
159 752
42 159
159 616
159 375
159 609
159 365
159 828
160 894
160 674
160 863
160 851
160 204
160 423
153 160
160 862
160 496
160 719
161 500
161 886
161 194
161 165
161 358
161 621
161 718
161 460
161 769
161 293
162 761
162 350
162 807
162 755
28 162
162 373
162 986
162 357
162 680
162 189
51 163
14 163
163 828
163 562
42 163
163 621
163 408
108 163
163 525
163 500
164 743
164 643
164 859
164 829
164 729
164 701
164 172
164 518
164 286
164 395
165 497
165 170
165 786
165 430
165 209
165 442
165 506
52 165
165 380
165 352
166 979
166 878
74 166
166 293
17 166
166 474
166 969
166 283
45 166
166 493
100 167
165 167
167 786
167 965
167 742
167 220
167 933
16 167
167 251
167 447
50 168
151 168
168 805
168 818
142 168
168 213
168 744
168 253
168 176
168 843
169 1001
169 265
169 676
169 941
68 169
169 202
169 694
169 493
169 489
169 734
170 887
170 445
142 170
170 339
170 825
45 170
170 942
53 170
71 170
170 396
154 171
171 582
171 280
171 703
171 741
171 207
171 294
106 171
171 357
171 296
172 778
172 583
172 642
172 665
172 473
172 256
172 468
172 483
172 698
172 420
173 460
173 878
173 174
173 824
173 670
6 173
173 231
173 545
173 715
173 232
174 630
174 654
174 389
174 915
174 897
174 439
174 982
162 174
174 747
174 577
34 175
175 379
175 902
175 325
175 837
175 591
175 362
175 824
175 729
175 931
176 879
82 176
176 645
176 390
176 726
176 565
176 534
176 481
176 545
176 960
177 876
177 723
177 989
177 534
118 177
6 177
177 881
64 177
177 798
177 856
178 454
47 178
178 873
178 719
49 178
178 680
74 178
178 233
125 178
178 188
179 676
179 590
179 920
179 356
179 770
2 179
179 522
58 179
83 179
61 179
77 180
180 633
180 816
180 665
180 745
180 459
180 899
180 343
180 358
180 960
181 1001
181 217
181 394
181 492
181 458
181 624
181 764
181 849
181 385
182 336
182 391
182 228
95 182
182 828
182 698
182 552
182 444
182 832
182 774
80 183
183 596
183 289
89 183
183 536
183 610
183 615
58 183
183 342
183 593
184 645
166 184
184 560
182 184
184 396
184 736
184 537
184 656
184 455
184 233
25 185
185 813
185 600
185 389
185 877
185 374
185 601
185 453
185 643
185 929
186 776
186 824
129 186
186 596
186 562
97 186
186 705
186 834
186 828
186 983
187 664
187 920
187 745
129 187
187 598
187 993
187 570
187 569
187 512
187 237
188 644
188 606
188 865
188 769
68 188
188 592
188 668
188 683
188 708
188 381
189 757
189 586
177 189
189 274
189 419
189 285
189 690
44 189
189 603
189 803
190 794
190 974
190 947
190 886
40 190
190 639
190 423
190 647
190 242
190 633
191 318
191 338
191 284
191 878
191 303
191 655
191 591
191 309
118 191
191 877
192 628
166 192
125 192
147 192
192 229
192 873
192 322
192 572
192 699
192 1002
193 391
193 829
193 868
193 952
193 993
115 193
93 193
193 836
193 483
193 929
194 441
194 462
194 552
194 359
173 194
194 764
194 245
194 553
194 497
99 194
195 403
69 195
195 644
168 195
195 854
160 195
195 673
195 856
24 195
46 195
196 272
196 299
196 739
196 589
196 603
196 222
107 196
196 498
5 196
197 293
197 647
197 976
171 197
197 913
197 207
197 672
197 394
197 358
197 543
198 354
198 857
198 385
142 198
198 590
198 606
198 407
198 737
198 756
198 329
199 835
199 395
199 505
193 199
199 263
199 301
101 199
199 666
199 593
192 199
200 403
200 634
200 763
200 609
200 749
103 200
200 411
200 217
25 200
200 756
201 545
201 902
201 523
201 506
113 201
201 304
201 471
201 492
201 796
201 525
202 821
202 675
202 403
202 911
202 649
202 637
202 500
202 566
167 202
202 208
203 608
203 809
203 720
203 833
203 335
203 780
203 678
166 203
203 491
131 203
202 204
204 749
204 884
204 317
204 558
78 204
204 863
204 789
204 664
204 334
205 997
110 205
205 554
205 951
155 205
205 225
205 362
205 707
205 364
120 205
205 206
206 749
126 206
206 931
11 206
206 407
109 206
206 886
206 926
206 966
33 207
207 267
207 826
207 533
97 207
207 649
207 392
207 963
207 558
208 767
104 208
208 652
208 340
208 936
208 412
208 465
208 246
95 208
11 208
209 852
209 962
209 263
209 617
209 671
209 317
209 342
136 209
15 209
209 407
109 210
210 573
210 303
60 210
182 210
210 798
210 842
210 888
210 913
210 699
211 445
211 298
9 211
211 279
109 211
211 290
66 211
211 938
211 518
211 697
212 486
212 892
171 212
212 703
212 259
212 693
212 961
212 728
212 920
212 596
213 941
213 657
213 884
213 910
213 353
213 363
213 831
213 269
213 558
213 744
58 214
214 484
214 274
214 220
214 919
214 473
200 214
214 322
214 344
171 214
215 313
215 413
215 612
60 215
215 692
215 419
215 861
215 264
100 215
215 552
216 934
27 216
208 216
50 216
216 905
216 897
216 261
216 903
216 575
216 739
217 337
217 780
217 673
195 217
217 595
217 449
217 251
36 217
217 723
217 423
218 388
78 218
218 845
218 317
38 218
218 498
218 515
218 738
81 218
218 814
19 219
219 680
219 941
219 997
205 219
219 955
219 830
219 325
219 735
219 806
220 986
220 370
220 659
220 913
220 364
220 884
220 304
220 540
220 821
220 707
221 407
40 221
193 221
221 482
221 628
221 981
221 701
221 627
221 300
221 545
222 786
222 941
222 639
222 512
222 367
222 962
89 222
222 424
118 222
222 323
223 892
183 223
223 395
223 463
185 223
61 223
223 308
223 263
223 258
52 223
224 994
224 346
224 708
224 329
224 619
224 280
181 224
224 782
224 860
224 402
196 225
105 225
225 472
225 277
225 581
225 570
225 752
225 536
225 404
226 622
226 739
226 698
226 745
226 677
226 330
226 297
226 290
36 226
226 888
227 987
227 869
198 227
227 590
227 555
227 832
227 447
161 227
117 227
227 904
228 461
228 237
228 878
228 925
228 853
58 228
228 302
86 228
228 399
229 382
102 229
229 992
127 229
229 928
229 843
15 229
123 229
99 229
229 536
230 707
230 626
230 585
230 236
230 537
30 230
76 230
230 587
230 751
101 230
231 947
231 887
231 853
231 399
231 445
231 942
231 795
231 409
231 452
232 979
232 910
15 232
170 232
232 940
232 477
232 539
232 241
232 519
232 992
225 233
233 691
233 520
233 866
233 823
233 473
233 515
233 542
93 233
233 539
234 696
234 414
234 800
66 234
234 734
234 908
39 234
234 643
224 234
234 919
235 337
38 235
235 924
235 271
85 235
235 339
235 730
235 589
235 417
235 732
236 596
236 993
236 318
236 586
219 236
236 667
236 864
209 236
236 715
236 978
237 799
83 237
237 241
237 782
69 237
237 839
237 560
237 306
112 237
15 237
238 498
238 792
238 740
238 927
238 796
238 509
238 783
238 594
238 768
238 342
239 461
239 674
239 713
239 515
239 786
239 500
239 574
239 386
239 499
239 671
171 240
240 382
91 240
240 524
240 778
240 538
240 741
240 402
240 565
240 453
241 919
241 428
241 414
241 1001
241 439
241 920
241 888
241 603
241 835
241 800
242 618
242 322
242 305
242 687
242 327
242 511
242 546
242 911
242 271
242 519
243 418
200 243
243 463
243 760
243 864
243 936
243 404
243 647
243 700
243 428
244 676
55 244
244 950
244 659
244 888
244 386
244 580
244 806
244 990
244 397
121 245
245 956
245 520
202 245
245 402
196 245
245 897
123 245
245 578
162 245
246 678
224 246
44 246
4 246
216 246
246 997
246 567
170 246
228 246
246 258
247 505
247 802
205 247
247 964
247 723
247 608
196 247
247 619
247 602
195 247
248 687
248 282
248 511
248 923
248 366
248 302
248 904
248 537
248 336
248 479
249 680
7 249
249 820
102 249
165 249
249 389
249 440
249 602
249 808
17 249
250 394
250 914
250 532
250 898
250 884
250 839
250 519
68 250
250 447
250 747
251 554
137 251
251 262
101 251
251 598
251 399
251 1001
251 797
251 447
251 480
252 697
252 609
252 777
252 791
252 327
252 584
252 866
252 801
252 583
252 887
253 901
150 253
206 253
253 812
253 963
226 253
253 568
253 338
189 253
156 253
254 400
55 254
254 467
254 889
254 720
254 896
226 254
254 788
247 254
158 254
255 943
19 255
255 592
255 926
255 623
220 255
255 495
255 641
255 300
255 413
128 256
256 521
256 869
256 759
256 355
256 967
256 876
256 377
256 733
256 793
257 494
257 785
257 970
228 257
257 747
257 462
257 340
14 257
257 531
257 430
258 921
258 823
179 258
211 258
258 836
258 925
258 564
258 545
258 949
258 638
259 776
259 704
259 271
259 723
259 430
155 259
65 259
227 259
259 411
259 366
260 347
89 260
11 260
260 779
18 260
260 783
260 556
260 825
260 920
260 875
261 631
261 512
261 805
261 555
249 261
261 861
261 370
261 550
261 901
261 733
262 871
11 262
262 586
262 715
262 438
262 636
177 262
262 857
262 567
36 262
263 476
90 263
263 932
231 263
263 770
263 627
263 844
55 263
263 265
263 904
264 898
216 264
264 453
264 432
264 312
264 398
28 264
13 264
264 510
264 989
265 346
81 265
265 488
265 835
265 745
265 912
261 265
265 898
265 592
265 328
62 266
266 637
266 808
266 664
266 440
266 668
266 761
266 710
100 266
266 654
267 817
267 831
267 521
267 466
267 666
267 286
267 861
267 825
267 518
245 267
173 268
268 887
268 285
148 268
268 717
268 737
144 268
268 888
268 598
268 862
269 549
269 976
269 947
269 377
177 269
269 912
269 817
269 340
269 964
269 958
270 732
270 649
270 408
183 270
270 561
244 270
270 673
270 356
270 530
270 840
271 632
110 271
229 271
201 271
271 830
271 947
271 328
50 271
230 271
271 497
272 913
272 518
234 272
272 316
237 272
272 662
272 884
70 272
272 308
272 461
273 957
273 589
273 310
273 474
273 749
107 273
273 888
39 273
273 795
273 444
274 791
17 274
274 713
148 274
181 274
274 986
274 340
274 615
260 274
274 940
275 313
275 586
275 344
275 391
275 810
133 275
275 572
275 650
275 435
76 275
276 889
276 674
276 339
276 846
276 609
276 648
64 276
276 559
276 612
276 990
277 301
277 778
277 342
277 682
277 570
277 526
277 855
277 885
123 277
278 409
278 387
278 449
278 385
278 428
278 1002
220 278
278 607
278 747
278 576
279 495
93 279
167 279
279 871
279 574
279 989
279 425
279 738
279 665
279 442
280 804
280 638
198 280
280 681
280 466
138 280
280 622
96 280
62 280
280 682
129 281
281 548
281 387
281 352
281 857
37 281
281 996
281 906
281 749
217 281
282 475
282 595
282 457
282 910
133 282
282 671
282 423
282 552
58 282
282 901
283 433
258 283
283 456
117 283
231 283
283 513
283 679
283 839
283 327
34 283
284 810
284 945
284 611
284 580
284 490
284 464
284 348
78 284
284 308
285 407
285 559
285 403
190 285
285 828
206 285
180 285
110 285
285 360
285 946
286 798
286 680
286 899
286 666
286 832
286 429
286 473
286 756
286 876
286 303
287 622
113 287
259 287
287 986
287 982
287 322
235 287
287 518
150 287
83 287
125 288
288 325
245 288
288 598
64 288
288 861
288 308
288 402
288 471
288 949
289 292
289 561
289 987
193 289
58 289
289 973
289 956
272 289
289 615
206 289
290 599
220 290
290 776
290 711
290 961
290 564
290 668
186 290
290 337
290 364
291 882
291 555
200 291
184 291
291 581
291 474
291 485
291 887
291 569
291 408
273 292
292 961
167 292
292 760
182 292
292 742
292 607
256 292
292 702
131 292
293 851
261 293
293 960
293 446
293 769
293 448
293 968
236 293
293 786
294 365
294 578
131 294
22 294
294 316
294 296
249 294
294 829
294 681
294 675
56 295
65 295
295 467
295 379
295 742
267 295
295 930
295 503
295 504
295 489
296 478
296 922
149 296
296 973
296 901
296 691
296 998
296 954
23 296
296 449
297 398
262 297
297 569
32 297
297 964
38 297
297 417
196 297
297 691
298 560
298 785
298 792
195 298
147 298
298 625
298 925
24 298
298 589
298 755
56 299
299 952
299 675
144 299
86 299
299 621
299 949
299 488
299 503
299 902
300 775
300 501
300 653
300 335
300 910
300 606
300 383
300 537
300 513
300 975
301 848
301 852
301 705
301 464
301 707
301 761
301 796
281 301
301 845
154 301
208 302
302 714
302 973
302 646
302 957
302 619
24 302
302 349
302 963
302 494
283 303
303 389
303 752
303 972
303 833
303 872
303 702
303 847
168 303
303 417
50 304
304 714
90 304
304 396
304 355
254 304
304 783
233 304
304 990
304 784
305 624
305 415
305 889
305 327
305 420
305 990
305 790
305 792
305 682
64 305
306 666
306 953
274 306
153 306
306 528
159 306
306 694
306 893
306 568
221 306
307 827
118 307
307 536
307 957
33 307
307 540
31 307
307 441
307 819
307 383
308 942
308 773
308 658
308 904
308 760
261 308
308 409
308 552
8 308
308 532
309 497
309 775
236 309
309 804
309 310
1 309
309 851
309 745
309 889
309 949
213 310
310 762
310 327
310 805
150 310
73 310
310 682
310 839
310 520
310 376
132 311
311 724
311 449
311 445
311 751
311 433
11 311
311 547
155 311
311 714
239 312
312 829
309 312
312 480
312 604
312 744
312 614
312 854
312 798
312 992
209 313
313 539
313 325
313 512
313 984
313 504
313 958
313 689
136 313
117 313
32 314
233 314
314 564
314 915
218 314
25 314
165 314
314 707
110 314
314 338
125 315
315 871
315 866
315 484
315 770
315 961
315 741
315 809
315 321
315 818
316 497
316 819
316 582
316 863
316 695
316 979
316 986
316 674
316 477
213 316
317 411
317 882
317 526
317 651
317 461
317 797
317 667
212 317
317 809
317 707
318 333
164 318
318 995
318 870
318 510
318 388
318 553
318 707
318 975
318 461
319 980
154 319
319 352
319 719
254 319
192 319
319 335
210 319
197 319
319 769
320 502
320 409
320 930
301 320
320 965
159 320
122 320
3 320
86 320
205 320
321 732
321 358
321 540
321 378
51 321
321 535
321 761
321 631
321 624
321 463
322 416
322 977
322 633
89 322
322 451
322 655
322 651
322 588
322 562
322 595
323 630
224 323
323 536
11 323
234 323
323 758
323 329
323 437
323 589
66 323
324 900
324 607
31 324
324 963
324 982
324 510
280 324
30 324
324 481
324 460
325 513
325 814
325 378
325 569
325 650
325 979
107 325
280 325
273 325
325 881
7 326
231 326
326 737
326 370
326 354
326 448
326 600
326 748
162 326
326 869
327 452
177 327
327 374
327 783
327 429
327 839
327 660
327 852
327 947
327 402
86 328
132 328
306 328
328 945
328 644
328 447
328 483
328 599
282 328
328 894
329 597
329 564
329 760
329 794
329 810
329 954
329 580
329 535
329 470
167 329
183 330
330 622
330 770
210 330
330 869
330 572
330 456
249 330
324 330
330 390
331 667
238 331
331 366
331 448
158 331
250 331
331 622
331 540
121 331
331 865
332 363
332 690
332 804
60 332
332 576
332 857
332 370
332 562
262 332
332 962
333 934
333 510
31 333
173 333
333 922
333 461
242 333
128 333
41 333
334 766
226 334
245 334
119 334
334 989
199 334
334 523
334 562
150 334
334 526
335 872
318 335
335 524
335 534
303 335
335 723
335 956
335 808
335 843
132 335
336 823
336 887
324 336
336 531
110 336
135 336
336 832
336 752
336 946
336 969
337 438
337 528
270 337
334 337
271 337
326 337
337 443
337 621
337 950
272 337
338 937
338 719
52 338
338 864
338 592
338 815
228 338
338 802
338 554
338 368
339 648
339 771
279 339
339 724
339 685
73 339
339 826
339 504
339 585
263 339
286 340
340 597
340 932
340 677
340 643
75 340
340 767
340 551
340 787
2 341
341 956
341 784
157 341
341 971
341 414
341 683
101 341
341 824
341 495
342 584
342 887
342 842
342 443
342 604
125 342
342 669
342 779
342 864
342 585
343 878
37 343
343 965
276 343
343 796
343 384
245 343
102 343
45 343
343 549
344 385
344 386
177 344
344 444
149 344
215 344
52 344
344 917
333 344
344 871
345 840
345 850
254 345
9 345
204 345
345 698
345 810
345 879
345 847
117 345
346 613
346 923
259 346
346 375
346 597
346 579
346 787
22 346
346 650
346 474
265 347
347 789
347 537
347 511
347 758
347 783
347 978
347 460
347 750
284 347
348 376
348 758
348 527
269 348
50 348
298 348
278 348
19 348
64 348
261 348
56 349
232 349
349 998
349 647
349 593
212 349
282 349
151 349
349 790
190 349
350 700
350 445
207 350
350 920
350 867
350 613
350 542
208 350
350 430
350 880
351 483
351 841
351 983
351 726
325 351
351 837
72 351
351 365
351 489
184 351
352 392
352 844
286 352
296 352
151 352
352 860
247 352
180 352
352 553
42 352
139 353
234 353
218 353
353 718
353 849
353 405
353 717
353 612
353 682
295 353
269 354
154 354
354 695
354 832
354 441
354 749
36 354
61 354
354 677
354 560
355 729
355 372
355 792
355 683
355 398
355 808
355 578
355 370
355 405
146 355
307 356
356 361
356 821
322 356
259 356
356 915
356 527
356 377
22 356
105 356
357 919
357 671
332 357
357 516
357 995
357 727
357 883
357 669
357 956
215 357
358 618
100 358
358 642
358 376
131 358
358 662
42 358
125 358
358 677
155 358
359 822
359 609
359 427
359 869
84 359
359 987
139 359
359 872
359 734
208 360
360 547
360 927
360 970
360 641
360 787
360 558
62 360
360 634
360 938
230 361
361 551
54 361
361 599
155 361
361 629
31 361
68 361
361 653
98 361
241 362
362 466
362 936
362 959
28 362
302 362
108 362
270 362
362 772
362 740
363 531
363 945
363 973
363 554
363 461
76 363
363 987
363 701
363 716
306 363
331 364
364 427
222 364
28 364
364 450
23 364
364 406
108 364
219 364
226 364
365 569
37 365
365 371
365 686
303 365
365 967
365 958
113 365
365 478
365 937
195 366
366 506
366 659
366 838
71 366
35 366
366 510
366 509
48 366
366 973
367 503
253 367
367 820
367 666
282 367
367 704
367 369
367 661
260 367
60 367
368 619
368 433
336 368
9 368
368 954
368 775
368 386
368 735
368 636
368 432
369 856
369 406
239 369
44 369
362 369
369 583
369 487
187 369
369 380
336 370
370 519
370 758
276 370
200 370
370 455
370 421
249 370
370 548
370 415
236 371
371 991
371 878
371 486
371 784
371 785
371 807
4 371
371 990
371 804
285 372
372 791
372 394
372 375
372 705
293 372
13 372
372 896
22 372
213 372
373 401
373 568
373 715
373 550
63 373
127 373
38 373
124 373
373 692
373 567
374 642
374 712
374 821
374 635
374 636
374 654
374 472
374 412
374 485
288 374
114 375
375 721
375 753
289 375
375 792
19 375
375 897
375 709
87 375
337 375
376 406
376 930
144 376
376 931
376 528
376 701
260 376
376 953
376 527
376 624
377 624
377 996
377 421
377 662
377 779
377 865
377 594
377 680
299 377
71 377
378 741
378 667
340 378
378 461
378 532
216 378
378 402
378 771
157 378
378 843
379 787
87 379
379 508
379 780
379 519
379 996
379 589
70 379
379 543
379 737
380 436
380 796
121 380
380 938
380 600
234 380
380 822
380 855
285 380
380 701
317 381
381 760
239 381
381 956
381 818
50 381
31 381
381 748
381 455
55 381
382 986
366 382
382 395
382 708
382 415
382 588
382 519
54 382
382 933
382 636
383 1001
383 422
383 720
110 383
65 383
313 383
383 779
184 383
383 809
383 842
384 407
384 715
224 384
384 431
105 384
24 384
144 384
384 643
384 925
132 384
385 914
385 656
385 653
385 501
385 536
385 953
385 805
62 385
385 847
385 633
386 688
386 545
279 386
386 700
386 949
253 386
110 386
363 386
386 892
386 838
32 387
387 631
89 387
387 472
387 698
116 387
192 387
387 492
387 859
293 387
352 388
275 388
388 516
128 388
388 534
267 388
388 747
388 681
245 388
388 431
389 965
389 907
389 975
389 459
389 898
119 389
261 389
389 803
389 782
389 812
390 416
282 390
390 812
390 999
390 438
390 919
135 390
257 390
41 390
6 390
391 780
391 996
382 391
391 810
148 391
391 770
239 391
357 391
391 712
53 391
392 614
360 392
2 392
392 654
392 680
392 696
392 450
392 650
74 392
393 818
393 946
393 888
393 598
393 759
393 663
100 393
393 748
5 393
78 393
353 394
394 962
394 484
394 429
394 507
77 394
394 907
394 509
394 796
394 438
386 395
395 674
48 395
395 739
192 395
207 395
395 959
395 751
395 707
79 395
396 862
396 745
396 781
396 993
396 410
396 688
115 396
376 396
396 860
396 476
397 832
397 780
397 611
397 987
149 397
397 758
397 507
133 397
397 707
397 500
350 398
279 398
398 812
398 966
398 825
180 398
398 453
398 942
398 837
330 398
399 634
399 699
376 399
399 770
399 764
69 399
246 399
399 583
399 469
343 399
400 654
10 400
400 689
400 936
400 421
400 769
298 400
278 400
400 909
41 400
401 921
401 427
399 401
401 991
401 715
225 401
401 661
401 410
401 805
401 546
176 402
402 765
177 402
402 406
402 638
402 461
402 908
402 902
402 433
113 402
403 948
403 689
334 403
10 403
203 403
403 663
403 423
403 694
403 987
16 403
258 404
404 483
404 464
404 983
404 451
404 736
404 544
404 924
280 404
404 852
148 405
405 945
198 405
405 840
405 663
405 423
405 418
405 821
405 704
233 405
406 978
406 447
406 840
406 999
406 790
197 406
137 406
406 479
406 935
406 475
262 407
130 407
407 623
407 666
359 407
62 407
141 407
407 743
407 626
35 408
408 964
408 784
20 408
408 599
199 408
408 457
37 408
221 408
408 989
409 516
380 409
409 468
409 847
104 409
409 586
396 409
409 992
409 792
53 409
410 914
410 683
410 523
88 410
231 410
410 743
410 599
45 410
25 410
410 579
345 411
411 857
73 411
411 507
411 935
411 965
346 411
411 495
411 549
247 411
412 413
412 563
412 997
412 849
412 930
385 412
275 412
412 903
412 758
412 738
413 583
253 413
413 693
413 723
23 413
408 413
396 413
170 413
413 980
413 752
122 414
41 414
414 898
367 414
414 518
414 808
239 414
414 467
13 414
30 414
415 858
177 415
415 804
415 658
415 484
124 415
415 435
415 696
415 876
415 574
416 904
416 992
416 446
416 486
416 989
375 416
380 416
28 416
416 530
416 632
417 491
417 492
363 417
417 919
417 935
417 802
101 417
417 519
417 495
24 417
418 482
418 896
382 418
416 418
418 526
110 418
142 418
161 418
418 801
51 418
157 419
419 956
100 419
419 767
220 419
414 419
419 576
419 535
419 599
113 419
420 769
420 922
149 420
123 420
185 420
260 420
420 891
420 808
54 420
420 503
162 421
421 526
48 421
421 679
208 421
421 838
239 421
421 922
421 425
421 945
422 639
397 422
422 486
422 711
422 786
422 891
422 906
422 969
150 422
417 422
388 423
159 423
423 899
423 864
423 720
423 907
292 423
97 423
423 805
354 423
5 424
354 424
424 455
6 424
424 854
333 424
424 981
345 424
424 675
424 629
260 425
257 425
422 425
371 425
425 492
425 691
425 533
425 595
425 858
424 425
426 861
184 426
45 426
426 889
426 945
47 426
426 916
313 426
426 767
426 653
201 427
427 630
427 793
427 852
427 710
259 427
427 554
265 427
427 526
427 524
428 533
428 903
395 428
151 428
428 797
323 428
369 428
428 742
94 428
213 428
226 429
190 429
49 429
429 600
429 975
353 429
429 760
290 429
429 807
429 460
243 430
430 761
430 615
430 974
430 933
158 430
430 501
155 430
430 504
430 605
431 869
210 431
431 481
431 793
5 431
246 431
431 633
431 926
276 431
431 574
42 432
345 432
376 432
19 432
432 888
432 927
168 432
432 634
9 432
432 696
433 940
224 433
433 456
317 433
433 480
433 600
184 433
433 644
433 513
17 433
434 945
136 434
434 499
297 434
434 800
434 925
434 831
434 738
434 670
434 921
352 435
260 435
435 913
435 939
232 435
130 435
435 878
401 435
334 435
435 476
100 436
302 436
296 436
436 878
384 436
337 436
436 710
315 436
161 436
287 436
437 808
437 728
437 911
437 812
334 437
437 617
340 437
437 914
254 437
122 437
246 438
219 438
200 438
438 492
111 438
438 903
438 679
271 438
277 438
438 758
363 439
86 439
439 946
124 439
439 800
128 439
417 439
439 462
439 852
439 461
76 440
440 733
414 440
185 440
440 472
245 440
440 796
440 848
440 793
440 532
69 441
441 619
410 441
441 687
90 441
179 441
244 441
334 441
441 987
269 441
158 442
442 962
360 442
200 442
213 442
442 552
384 442
442 801
364 442
443 679
443 488
443 621
197 443
443 590
349 443
260 443
443 707
443 988
443 696
444 696
393 444
444 450
444 932
444 731
421 444
444 909
444 944
21 444
423 445
431 445
445 643
445 550
364 445
358 445
445 927
376 445
445 648
445 542
159 446
377 446
245 446
134 446
261 446
310 446
446 823
446 788
257 446
446 664
447 605
447 649
7 447
192 447
447 547
447 543
27 447
447 715
447 881
447 777
41 448
299 448
15 448
448 796
448 934
448 528
374 448
448 855
448 716
448 512
449 971
449 922
449 797
441 449
63 449
207 449
449 621
143 449
449 894
449 709
87 450
395 450
450 707
450 922
450 646
1 450
121 450
212 450
450 748
450 453
451 791
219 451
402 451
144 451
451 844
451 574
126 451
451 598
451 580
451 725
306 452
307 452
339 452
384 452
111 452
452 582
389 452
452 618
452 641
294 452
453 733
34 453
453 981
389 453
453 741
453 653
453 762
453 567
57 453
8 453
454 648
294 454
454 539
239 454
454 984
363 454
441 454
192 454
454 827
430 454
455 547
265 455
455 757
343 455
132 455
455 841
455 736
157 455
455 914
455 469
76 456
456 611
263 456
456 870
218 456
157 456
381 456
456 939
8 456
456 585
84 457
457 796
48 457
336 457
117 457
457 865
346 457
457 873
177 457
457 909
458 717
458 571
441 458
458 872
363 458
439 458
458 637
177 458
438 458
316 458
266 459
459 595
459 696
459 669
55 459
129 459
303 459
459 617
459 769
459 774
460 588
444 460
163 460
402 460
460 998
460 931
460 470
460 667
38 460
461 669
461 894
461 891
461 790
461 727
431 461
373 461
44 461
461 962
190 461
462 512
32 462
328 462
462 837
462 892
343 462
352 462
300 462
462 871
187 462
463 944
463 614
463 952
463 1000
463 765
221 463
463 910
24 463
446 463
371 463
464 672
464 977
464 536
464 633
464 557
464 801
445 464
251 464
97 464
464 673
322 465
465 650
354 465
364 465
265 465
465 929
415 465
465 987
465 938
465 902
466 675
407 466
466 1000
338 466
466 495
466 663
166 466
466 827
466 605
198 466
467 521
330 467
212 467
467 638
269 467
419 467
467 819
106 467
467 582
146 467
190 468
435 468
468 698
73 468
330 468
293 468
468 893
468 767
468 638
468 668
469 632
469 942
429 469
469 767
61 469
469 643
201 469
467 469
469 930
469 548
470 763
162 470
470 909
470 850
75 470
470 949
402 470
470 875
397 470
408 471
471 986
311 471
30 471
471 571
17 471
253 471
37 471
428 471
23 471
41 472
472 785
401 472
107 472
472 859
419 472
63 472
472 637
459 472
48 472
473 557
473 580
473 778
473 537
473 895
413 473
174 473
473 969
260 473
473 800
474 510
474 791
450 474
134 474
474 490
474 569
474 833
72 474
305 474
474 893
475 886
264 475
475 853
475 914
306 475
475 603
66 475
475 586
475 649
159 475
476 903
476 504
45 476
476 850
395 476
476 1002
382 476
425 476
476 497
476 989
417 477
239 477
477 919
477 661
324 477
275 477
403 477
110 477
477 989
372 477
478 895
478 861
478 670
478 820
84 478
478 996
478 986
478 703
413 478
282 478
479 512
479 711
284 479
241 479
375 479
223 479
479 505
479 554
182 479
479 997
480 524
180 480
480 535
54 480
32 480
480 801
480 935
480 695
480 747
480 604
207 481
170 481
283 481
481 643
45 481
412 481
329 481
420 481
481 938
481 958
482 716
482 967
150 482
40 482
262 482
482 531
19 482
223 482
482 666
440 482
483 600
483 515
134 483
483 858
483 863
24 483
483 915
48 483
264 483
484 545
484 897
484 915
161 484
484 779
132 484
84 484
75 484
484 898
450 484
96 485
421 485
485 908
485 528
485 943
458 485
183 485
47 485
485 801
122 485
428 486
156 486
399 486
486 639
486 712
278 486
486 753
486 902
486 551
221 486
113 487
148 487
355 487
413 487
97 487
487 927
245 487
342 487
487 966
487 613
177 488
13 488
488 883
488 679
364 488
337 488
488 552
488 801
144 488
488 994
489 709
269 489
210 489
489 512
489 766
489 788
446 489
489 620
241 489
390 489
85 490
490 516
490 732
490 775
490 863
274 490
458 490
490 803
435 490
189 490
491 855
313 491
444 491
383 491
491 676
491 956
165 491
491 703
38 491
491 503
111 492
365 492
488 492
492 644
492 650
492 813
492 721
96 492
492 986
492 926
493 774
443 493
493 637
493 732
493 967
269 493
493 953
493 629
493 994
493 883
415 494
292 494
476 494
252 494
103 494
494 987
494 710
128 494
494 810
458 494
79 495
86 495
194 495
288 495
5 495
495 839
495 933
495 534
447 495
495 913
297 496
496 500
496 676
496 944
368 496
149 496
496 617
87 496
496 919
43 496
429 497
197 497
400 497
76 497
497 509
497 898
497 532
175 497
15 497
498 673
263 498
498 999
498 629
381 498
498 622
498 508
7 498
498 924
498 817
499 829
499 508
348 499
122 499
499 653
499 833
86 499
499 641
444 499
81 499
56 500
500 637
500 682
500 708
500 924
268 500
500 808
500 603
500 580
10 500
501 954
242 501
365 501
378 501
293 501
344 501
12 501
220 501
115 501
501 595
48 502
502 948
406 502
502 607
502 994
502 968
502 636
502 599
502 698
25 502
503 672
189 503
235 503
503 642
366 503
503 977
355 503
176 503
476 503
503 963
39 504
504 667
504 565
504 965
504 925
390 504
109 504
119 504
271 504
417 504
505 601
505 775
288 505
168 505
505 680
505 762
363 505
505 619
505 536
505 730
506 752
506 753
506 917
390 506
506 729
321 506
20 506
506 759
142 506
506 682
507 902
507 564
153 507
221 507
431 507
444 507
507 575
428 507
507 539
363 507
400 508
508 783
508 584
508 821
469 508
343 508
508 778
508 973
481 508
508 750
145 509
509 895
509 959
274 509
509 766
25 509
509 997
509 806
509 536
470 509
96 510
510 602
194 510
510 911
510 696
16 510
278 510
282 510
510 915
200 510
511 959
511 704
511 896
511 658
511 763
511 971
511 718
511 541
511 654
511 720
273 512
512 529
512 703
112 512
512 710
22 512
400 512
512 627
512 583
84 512
513 685
9 513
513 807
299 513
494 513
513 542
334 513
513 709
187 513
318 513
345 514
505 514
514 961
514 1000
514 978
449 514
213 514
514 841
115 514
257 515
430 515
515 983
273 515
353 515
515 675
157 515
156 515
515 927
515 942
516 684
516 526
131 516
516 653
218 516
516 805
516 830
516 814
496 516
126 516
517 898
517 629
360 517
517 778
189 517
517 813
517 923
10 517
517 538
225 517
254 518
518 705
518 715
518 942
515 518
518 815
518 733
304 518
518 529
518 819
519 668
252 519
519 553
519 739
230 519
420 519
213 519
519 697
519 583
273 519
520 941
123 520
487 520
302 520
480 520
195 520
7 520
385 520
80 520
327 520
390 521
47 521
521 618
42 521
431 521
10 521
404 521
514 521
521 993
49 521
300 522
272 522
522 773
522 979
522 590
522 893
522 943
68 522
522 712
522 692
523 658
352 523
523 713
202 523
523 613
523 541
523 778
308 523
523 761
2 523
524 935
109 524
524 551
423 524
169 524
524 914
100 524
68 524
524 972
524 531
100 525
525 641
12 525
525 895
525 633
525 917
525 866
3 525
525 579
172 525
383 526
67 526
526 892
526 679
129 526
526 929
526 884
526 542
155 526
526 777
132 527
19 527
527 689
520 527
72 527
527 981
235 527
524 527
527 877
527 528
326 528
528 957
70 528
528 882
214 528
528 980
16 528
528 904
475 528
528 899
290 529
529 971
344 529
58 529
529 718
63 529
308 529
271 529
419 529
412 529
52 530
474 530
350 530
530 976
530 707
403 530
256 530
530 560
61 530
530 930
531 925
455 531
351 531
256 531
419 531
531 748
128 531
531 914
531 760
162 531
26 532
98 532
532 902
532 943
104 532
532 581
532 580
532 782
455 532
532 808
342 533
316 533
132 533
249 533
533 653
485 533
533 922
533 936
533 758
461 533
196 534
518 534
48 534
217 534
79 534
341 534
130 534
299 534
83 534
534 602
535 990
535 904
343 535
535 667
535 851
456 535
301 535
84 535
399 535
535 614
94 536
536 987
326 536
536 540
536 577
57 536
536 841
536 752
376 536
536 707
537 583
537 983
286 537
336 537
537 589
95 537
537 682
537 926
537 677
62 537
538 703
255 538
512 538
141 538
371 538
333 538
538 945
224 538
303 538
350 538
446 539
62 539
38 539
539 678
178 539
539 703
73 539
539 958
539 544
79 539
540 724
540 948
540 560
149 540
540 840
540 548
202 540
540 800
540 762
540 770
77 541
541 600
541 888
222 541
273 541
513 541
251 541
289 541
205 541
463 541
278 542
399 542
542 577
115 542
542 549
542 994
256 542
488 542
36 542
112 542
543 627
314 543
492 543
543 902
32 543
308 543
288 543
543 924
543 824
28 543
534 544
60 544
528 544
420 544
544 782
330 544
262 544
544 844
544 974
446 545
508 545
545 694
285 545
545 569
419 545
130 545
160 545
545 551
280 546
546 687
408 546
546 593
546 854
546 947
546 927
85 546
546 618
114 546
45 547
257 547
251 547
346 547
337 547
526 547
547 560
547 875
547 887
166 547
310 548
548 724
138 548
548 799
441 548
548 634
402 548
548 817
470 548
407 548
438 549
307 549
426 549
549 863
186 549
549 921
549 882
404 549
123 549
549 986
550 764
550 908
550 949
308 550
550 681
196 550
84 550
543 550
550 706
551 724
551 949
248 551
551 578
551 780
498 551
171 551
551 832
551 980
552 906
552 673
552 983
59 552
551 552
228 552
179 552
552 771
552 936
199 553
420 553
553 845
344 553
553 820
553 643
553 824
553 780
553 880
554 858
68 554
554 931
134 554
554 569
404 554
355 554
554 891
554 993
555 952
43 555
555 747
555 857
2 555
181 555
555 826
103 555
555 578
446 555
456 556
461 556
170 556
337 556
556 668
347 556
556 577
506 556
556 908
556 640
557 786
207 557
557 874
557 640
159 557
414 557
491 557
557 992
557 987
557 718
174 558
558 775
418 558
558 970
558 737
295 558
558 609
558 628
73 558
395 558
94 559
559 856
90 559
445 559
559 591
189 559
282 559
46 559
272 559
559 909
439 560
107 560
139 560
217 560
548 560
560 924
172 560
560 677
560 951
560 713
561 750
42 561
561 853
286 561
561 767
89 561
327 561
561 983
498 561
275 561
562 870
359 562
534 562
562 946
182 562
562 910
562 966
562 801
294 562
169 563
563 734
370 563
287 563
132 563
563 890
334 563
563 860
563 693
290 563
564 935
3 564
92 564
242 564
564 703
2 564
564 756
459 564
255 564
471 564
537 565
565 724
565 728
565 863
565 742
565 996
192 565
149 565
556 565
318 565
186 566
566 651
469 566
10 566
358 566
304 566
351 566
439 566
216 566
566 760
46 567
150 567
567 643
327 567
567 756
567 789
442 567
567 669
130 567
77 567
484 568
568 577
568 609
245 568
389 568
456 568
568 938
251 568
568 639
568 751
268 569
569 893
363 569
382 569
425 569
569 726
569 596
256 569
72 569
569 892
170 570
526 570
570 824
166 570
570 768
522 570
262 570
570 747
570 627
83 570
571 907
540 571
571 739
304 571
571 835
567 571
571 770
526 571
571 581
387 571
572 714
166 572
572 619
572 665
189 572
572 961
572 844
289 572
265 572
572 858
162 573
425 573
191 573
355 573
573 828
201 573
573 792
393 573
236 573
435 573
384 574
574 706
499 574
574 690
454 574
421 574
574 642
574 651
411 575
255 575
575 884
575 879
29 575
575 580
575 589
497 575
575 720
575 987
576 646
576 932
494 576
576 722
274 576
384 576
113 576
576 786
389 576
576 706
398 577
63 577
577 960
475 577
577 686
577 712
577 687
577 658
197 577
577 767
578 579
578 770
578 1000
218 578
8 578
564 578
13 578
78 578
578 634
275 579
441 579
345 579
34 579
81 579
579 854
579 825
59 579
177 579
580 592
580 699
168 580
160 580
386 580
580 780
133 580
482 580
580 820
580 770
581 621
581 623
581 938
581 665
370 581
432 581
581 795
581 961
581 942
82 581
122 582
582 690
582 717
392 582
582 777
413 582
505 582
582 821
582 848
582 905
583 872
583 625
414 583
547 583
583 767
517 583
583 912
583 831
583 779
583 966
584 843
584 679
584 955
584 974
348 584
584 638
461 584
322 584
423 584
44 584
375 585
237 585
585 995
139 585
211 585
585 687
353 585
585 860
59 585
585 903
528 586
586 640
150 586
408 586
586 750
586 852
586 912
586 732
544 586
179 586
587 613
587 822
180 587
587 747
587 663
129 587
494 587
54 587
587 820
587 644
258 588
243 588
577 588
588 746
78 588
588 762
347 588
556 588
145 588
588 782
224 589
214 589
21 589
589 854
589 950
589 669
589 887
494 589
589 869
589 761
253 590
590 678
590 916
590 938
572 590
371 590
590 856
436 590
398 590
590 668
591 762
349 591
251 591
591 598
591 727
123 591
591 646
286 591
504 591
592 742
361 592
556 592
95 592
116 592
150 592
57 592
60 592
592 658
21 592
593 746
189 593
593 732
593 743
323 593
131 593
329 593
593 748
300 593
529 593
577 594
594 682
594 780
570 594
539 594
364 594
223 594
396 594
166 594
107 594
381 595
595 678
595 736
382 595
43 595
595 649
595 733
595 870
270 595
591 595
224 596
596 702
109 596
482 596
533 596
206 596
456 596
116 596
74 596
215 596
597 820
597 659
62 597
597 882
597 667
404 597
429 597
594 597
367 597
183 597
598 612
241 598
189 598
598 699
576 598
498 598
8 598
340 598
296 598
299 598
309 599
21 599
219 599
235 599
599 641
599 943
599 744
459 599
335 599
282 599
114 600
600 676
259 600
495 600
600 872
600 981
408 600
600 944
488 600
600 857
337 601
275 601
601 698
39 601
601 858
55 601
13 601
601 769
601 913
601 680
17 602
602 912
101 602
602 750
318 602
602 819
602 975
95 602
602 723
602 694
603 978
510 603
437 603
164 603
603 630
78 603
603 831
603 860
603 754
268 603
396 604
378 604
604 707
492 604
540 604
269 604
546 604
42 604
408 604
382 604
516 605
445 605
547 605
186 605
58 605
605 978
605 843
570 605
349 605
246 605
577 606
606 976
82 606
58 606
606 771
8 606
606 880
377 606
606 676
486 606
607 657
607 731
148 607
72 607
607 728
607 798
48 607
607 753
607 929
525 607
608 771
608 734
351 608
476 608
399 608
525 608
477 608
35 608
608 833
40 608
477 609
161 609
494 609
609 984
609 979
553 609
415 609
396 609
609 807
18 609
35 610
231 610
25 610
610 688
198 610
175 610
610 909
610 882
610 693
424 610
611 649
611 879
611 815
521 611
611 773
611 797
611 651
611 930
313 611
388 611
612 686
612 997
612 959
76 612
459 612
612 769
612 830
612 876
304 612
152 612
201 613
212 613
529 613
85 613
613 742
613 625
339 613
226 613
282 613
458 614
614 974
124 614
614 767
614 984
138 614
614 677
169 614
614 991
615 798
153 615
615 983
267 615
615 884
204 615
615 650
605 615
615 986
615 686
251 616
616 699
573 616
616 767
616 973
1 616
567 616
616 697
616 646
271 616
301 617
617 634
617 920
116 617
290 617
281 617
516 617
51 617
121 617
434 617
618 756
618 945
131 618
230 618
109 618
329 618
336 618
455 618
618 903
246 618
619 684
451 619
619 755
189 619
619 827
619 854
207 619
91 619
500 619
318 620
620 997
103 620
550 620
462 620
268 620
498 620
402 620
39 620
428 620
117 621
322 621
392 621
290 621
316 621
243 621
492 621
505 621
496 621
621 915
622 706
622 992
622 898
58 622
424 622
443 622
622 721
309 622
557 622
43 622
623 798
623 981
437 623
623 998
5 623
623 883
375 623
509 623
78 623
379 623
262 624
624 777
232 624
624 827
463 624
624 625
624 642
599 624
52 624
250 624
625 658
625 685
621 625
148 625
475 625
625 706
625 723
450 625
70 625
625 787
25 626
357 626
626 807
304 626
626 868
146 626
294 626
352 626
284 626
626 931
627 631
409 627
627 863
627 940
486 627
261 627
614 627
627 847
317 627
627 708
424 628
354 628
132 628
107 628
358 628
420 628
44 628
628 869
628 760
628 649
596 629
314 629
516 629
629 716
505 629
629 717
629 767
629 835
301 629
9 629
630 904
326 630
594 630
258 630
208 630
188 630
89 630
268 630
592 630
630 937
420 631
631 856
538 631
463 631
631 667
390 631
631 864
631 662
631 897
188 631
632 721
632 748
632 634
7 632
135 632
632 763
632 675
632 677
554 632
362 632
262 633
633 786
633 642
633 648
41 633
596 633
288 633
421 633
219 633
431 634
127 634
622 634
634 984
535 634
634 681
207 634
264 634
634 861
164 634
635 664
180 635
635 953
635 874
44 635
541 635
635 735
119 635
466 635
18 636
636 865
340 636
636 749
636 678
237 636
269 636
636 830
636 638
357 636
637 682
637 737
637 867
637 709
254 637
3 637
81 637
21 637
637 934
638 779
638 836
638 868
291 638
527 638
638 896
580 638
577 638
638 858
504 638
587 639
175 639
428 639
639 747
639 860
112 639
333 639
458 639
195 639
230 639
640 812
640 716
526 640
343 640
29 640
346 640
640 948
640 937
560 640
265 640
527 641
266 641
466 641
287 641
641 785
641 814
613 641
628 641
2 641
641 643
249 642
642 833
587 642
529 642
450 642
511 642
515 642
642 655
420 642
306 643
413 643
643 663
643 799
257 643
16 643
612 643
407 643
643 771
102 643
34 644
199 644
193 644
95 644
644 818
644 883
644 992
644 652
644 788
61 645
160 645
551 645
637 645
187 645
639 645
267 645
518 645
645 851
577 645
253 646
160 646
527 646
259 646
498 646
628 646
575 646
351 646
646 720
567 646
416 647
622 647
185 647
647 876
423 647
647 828
125 647
361 647
211 647
647 673
497 648
648 986
648 946
131 648
648 930
499 648
619 648
91 648
648 997
25 648
518 649
190 649
331 649
501 649
188 649
649 720
538 649
639 649
349 649
327 649
538 650
247 650
373 650
440 650
650 668
544 650
650 695
582 650
415 650
650 865
124 651
651 913
536 651
651 701
288 651
651 885
355 651
176 651
651 710
651 887
635 652
652 874
422 652
385 652
652 969
652 881
624 652
274 652
360 652
630 652
75 653
205 653
591 653
437 653
113 653
174 653
178 653
653 805
653 989
653 792
654 779
217 654
512 654
36 654
596 654
533 654
416 654
57 654
107 654
231 654
655 712
655 708
580 655
21 655
655 758
655 846
73 655
243 655
449 655
656 918
656 842
369 656
443 656
125 656
656 948
249 656
85 656
468 656
103 656
657 930
331 657
467 657
601 657
299 657
657 846
163 657
656 657
83 657
302 657
378 658
658 742
658 834
463 658
324 658
209 658
566 658
575 658
658 906
346 658
479 659
659 853
634 659
389 659
659 803
450 659
659 845
642 659
343 659
528 659
439 660
430 660
660 988
306 660
660 854
148 660
246 660
217 660
660 698
660 977
36 661
661 849
661 843
661 909
609 661
71 661
142 661
20 661
597 661
88 661
232 662
618 662
662 847
662 904
152 662
662 714
474 662
75 662
662 865
593 662
192 663
5 663
663 873
663 734
663 816
663 972
591 663
407 663
663 773
27 663
361 664
664 981
144 664
555 664
427 664
596 664
157 664
308 664
376 664
665 948
16 665
665 790
665 851
319 665
665 993
580 665
155 665
493 665
112 665
252 666
666 847
344 666
425 666
300 666
585 666
666 1000
666 839
666 791
409 666
293 667
497 667
584 667
435 667
667 727
111 667
667 982
667 877
325 667
640 668
636 668
297 668
668 998
356 668
400 668
668 819
668 694
342 668
668 926
669 766
575 669
355 669
405 669
436 669
669 878
238 669
1 669
485 669
590 669
670 844
670 961
463 670
483 670
670 926
71 670
670 720
166 670
512 670
50 670
671 810
16 671
142 671
34 671
446 671
671 806
671 803
671 781
288 671
671 1002
129 672
397 672
114 672
341 672
469 672
672 736
258 672
616 672
627 672
528 672
673 705
673 686
673 835
372 673
673 805
673 925
673 921
673 996
445 673
673 771
674 829
27 674
674 993
280 674
617 674
674 823
311 674
123 674
270 674
674 697
675 682
675 834
535 675
364 675
624 675
388 675
675 799
235 675
675 890
544 675
676 772
676 989
101 676
676 835
676 867
319 676
97 676
276 676
676 704
676 987
653 677
464 677
677 773
84 677
507 677
82 677
554 677
677 745
186 677
677 746
233 678
259 678
436 678
650 678
371 678
476 678
678 901
370 678
182 678
678 829
90 679
176 679
679 895
358 679
512 679
278 679
273 679
483 679
332 679
147 679
680 968
590 680
316 680
680 778
584 680
680 961
234 680
680 804
406 680
595 680
449 681
681 686
681 785
214 681
681 893
676 681
187 681
136 681
95 681
76 681
469 682
589 682
665 682
447 682
682 925
79 682
124 682
654 682
523 682
630 683
683 928
474 683
683 876
452 683
648 683
234 683
683 845
683 796
683 787
368 684
165 684
6 684
268 684
193 684
684 703
684 826
12 684
491 684
287 684
685 710
64 685
213 685
685 841
445 685
685 970
685 815
685 734
685 701
15 685
220 686
616 686
247 686
512 686
686 879
686 734
248 686
457 686
686 898
686 982
687 824
687 926
687 975
167 687
84 687
104 687
624 687
12 687
350 687
39 687
636 688
432 688
688 984
269 688
688 718
107 688
168 688
629 688
327 688
505 689
560 689
689 947
287 689
689 727
689 935
278 689
217 689
502 689
92 689
333 690
456 690
690 710
690 816
135 690
319 690
524 690
196 690
473 690
492 690
691 807
691 748
633 691
691 777
154 691
160 691
691 814
386 691
691 860
320 691
692 965
692 716
174 692
85 692
210 692
189 692
348 692
692 950
37 692
239 693
154 693
345 693
460 693
693 916
113 693
693 997
693 755
445 693
132 693
694 772
694 858
661 694
691 694
694 774
694 849
25 694
332 694
476 694
694 740
18 695
247 695
20 695
70 695
417 695
385 695
339 695
658 695
492 695
463 695
696 872
473 696
16 696
534 696
547 696
250 696
662 696
135 696
225 696
426 696
446 697
697 974
50 697
372 697
640 697
371 697
253 697
413 697
697 767
185 697
354 698
698 820
656 698
338 698
698 975
698 710
513 698
698 942
151 698
550 698
278 699
680 699
557 699
699 865
201 699
120 699
577 699
409 699
135 699
699 877
529 700
319 700
700 847
392 700
700 902
339 700
503 700
700 785
633 700
291 700
388 701
701 813
91 701
517 701
68 701
656 701
422 701
324 701
701 757
261 701
336 702
635 702
702 718
237 702
702 760
702 873
174 702
209 702
433 702
106 702
210 703
672 703
703 940
703 875
528 703
511 703
703 926
197 703
29 703
703 810
659 704
704 843
704 820
42 704
704 757
247 704
424 704
201 704
258 704
210 705
612 705
530 705
40 705
315 705
463 705
97 705
705 737
705 718
370 705
225 706
675 706
706 898
706 939
102 706
343 706
220 706
291 706
145 706
398 706
227 707
707 762
707 1002
142 707
628 707
658 707
611 707
593 707
361 707
400 707
708 929
614 708
317 708
708 861
648 708
708 775
39 708
651 708
708 875
390 708
550 709
150 709
486 709
379 709
709 764
423 709
33 709
709 816
374 709
443 709
256 710
407 710
569 710
240 710
133 710
680 710
710 816
222 710
612 710
280 710
206 711
711 928
711 864
64 711
181 711
70 711
666 711
340 711
279 711
402 711
87 712
712 862
487 712
684 712
548 712
621 712
56 712
650 712
50 712
566 712
613 713
388 713
601 713
551 713
688 713
713 725
142 713
160 713
414 713
713 814
636 714
714 911
167 714
714 928
714 876
407 714
714 989
445 714
571 714
714 719
715 749
537 715
54 715
715 891
584 715
528 715
362 715
636 715
715 724
715 737
696 716
716 956
244 716
716 902
689 716
263 716
212 716
450 716
716 845
411 716
426 717
87 717
706 717
114 717
434 717
132 717
690 717
197 717
405 717
592 717
335 718
718 872
89 718
497 718
302 718
683 718
718 839
614 718
157 718
690 718
719 834
54 719
467 719
703 719
381 719
719 993
138 719
361 719
719 772
236 719
406 720
344 720
536 720
720 928
403 720
220 720
86 720
720 805
617 720
720 871
87 721
319 721
24 721
166 721
721 817
95 721
33 721
721 978
167 721
147 721
665 722
435 722
131 722
434 722
36 722
722 959
179 722
395 722
722 847
618 722
723 791
238 723
539 723
514 723
151 723
714 723
10 723
723 799
327 723
91 723
358 724
397 724
572 724
724 735
5 724
78 724
724 921
381 724
356 724
417 724
632 725
664 725
518 725
725 922
251 725
722 725
98 725
156 725
302 725
428 725
726 870
271 726
171 726
461 726
726 814
48 726
362 726
377 726
726 746
503 727
316 727
483 727
727 744
594 727
727 759
713 727
727 901
261 727
727 982
728 936
728 899
202 728
31 728
231 728
345 728
62 728
728 833
209 728
728 912
729 933
145 729
252 729
343 729
613 729
32 729
199 729
519 729
485 729
572 730
353 730
200 730
245 730
119 730
622 730
489 730
159 730
277 730
148 730
623 731
313 731
270 731
516 731
414 731
731 775
123 731
602 731
665 731
731 992
622 732
664 732
732 756
528 732
537 732
560 732
99 732
101 732
732 766
78 732
733 976
106 733
240 733
662 733
733 992
733 816
562 733
603 733
501 733
625 734
3 734
302 734
688 734
7 734
317 734
734 926
63 734
734 961
53 734
153 735
709 735
735 929
599 735
57 735
19 735
469 735
354 735
485 735
305 736
186 736
736 769
736 792
649 736
736 869
437 736
211 736
683 736
507 736
228 737
16 737
737 909
304 737
737 948
721 737
312 737
13 737
410 737
366 737
339 738
738 746
399 738
192 738
738 897
133 738
527 738
738 790
435 738
669 738
613 739
321 739
115 739
739 790
739 865
434 739
451 739
214 739
669 739
435 739
512 740
35 740
740 824
240 740
740 985
65 740
726 740
295 740
740 932
463 740
449 741
89 741
663 741
412 741
713 741
447 741
518 741
450 741
728 741
297 741
695 742
623 742
305 742
480 742
6 742
131 742
742 768
667 742
533 742
36 742
743 756
693 743
701 743
457 743
138 743
172 743
264 743
354 743
155 743
527 743
710 744
613 744
690 744
573 744
744 981
744 827
487 744
102 744
659 744
444 745
745 886
461 745
299 745
497 745
493 745
571 745
576 745
745 792
482 745
236 746
239 746
702 746
611 746
196 746
632 746
500 746
137 746
366 746
152 746
261 747
747 783
307 747
147 747
747 998
325 747
366 747
470 747
341 747
190 747
748 812
748 799
17 748
669 748
719 748
419 748
126 748
476 748
576 748
615 749
749 933
749 907
694 749
749 820
138 749
54 749
749 994
741 749
749 975
61 750
149 750
564 750
557 750
134 750
229 750
750 836
570 750
442 750
435 750
751 997
738 751
424 751
414 751
227 751
161 751
228 751
250 751
122 751
120 752
239 752
752 763
752 803
501 752
752 941
437 752
103 752
332 752
323 752
753 885
328 753
159 753
435 753
657 753
451 753
432 753
204 753
749 753
79 753
455 754
288 754
433 754
754 793
186 754
643 754
563 754
231 754
754 986
320 754
747 755
755 835
755 776
229 755
509 755
755 812
270 755
134 755
277 755
213 755
756 868
515 756
624 756
454 756
496 756
132 756
706 756
295 756
395 756
177 757
387 757
62 757
727 757
757 919
718 757
389 757
686 757
290 757
544 757
582 758
386 758
147 758
42 758
222 758
538 758
578 758
440 758
12 758
758 922
367 759
623 759
759 899
150 759
258 759
601 759
233 759
759 777
37 759
90 760
760 999
184 760
131 760
707 760
760 769
226 760
760 889
82 760
760 967
30 761
401 761
761 951
761 922
749 761
761 778
273 761
46 761
383 761
761 814
762 802
554 762
762 865
762 890
674 762
762 843
762 810
43 762
19 762
35 762
675 763
763 968
79 763
262 763
577 763
405 763
638 763
763 899
271 763
4 763
710 764
764 936
459 764
764 997
764 861
764 820
764 831
463 764
269 764
45 764
337 765
339 765
27 765
577 765
512 765
568 765
549 765
765 871
482 765
291 766
545 766
374 766
655 766
734 766
766 841
142 766
298 766
766 997
679 766
471 767
316 767
767 775
54 767
625 767
354 767
348 767
339 767
767 785
768 943
695 768
403 768
354 768
657 768
599 768
768 891
528 768
768 991
209 768
769 1000
769 920
769 873
146 769
652 769
769 899
345 769
626 769
665 769
554 769
304 770
728 770
607 770
666 770
770 890
618 770
98 770
770 901
559 770
222 771
638 771
284 771
659 771
722 771
254 771
710 771
771 956
248 771
184 771
732 772
405 772
178 772
772 777
772 797
313 772
358 772
294 772
14 772
739 772
604 773
752 773
587 773
773 838
773 878
128 773
459 773
595 773
773 873
563 773
774 928
297 774
547 774
205 774
403 774
123 774
774 881
140 774
591 774
697 774
751 775
775 950
333 775
451 775
775 896
775 944
775 793
139 775
775 783
195 775
73 776
694 776
776 826
217 776
776 914
776 892
776 861
516 776
747 776
19 777
539 777
725 777
777 833
98 777
259 777
777 845
150 777
122 777
30 778
778 822
778 981
404 778
437 778
119 778
778 868
778 905
238 778
730 778
779 883
691 779
779 784
779 986
170 779
177 779
773 779
529 779
762 779
88 779
664 780
336 780
627 780
204 780
150 780
559 780
761 780
601 780
634 780
220 780
91 781
391 781
480 781
767 781
781 805
241 781
781 969
576 781
580 781
781 867
780 782
76 782
421 782
415 782
108 782
329 782
481 782
131 782
172 782
783 879
783 807
194 783
783 929
487 783
328 783
309 783
83 783
783 991
565 783
439 784
205 784
417 784
525 784
784 802
784 821
784 855
246 784
437 784
328 784
331 785
785 808
683 785
332 785
393 785
630 785
436 785
716 785
513 785
42 785
786 973
331 786
628 786
603 786
322 786
63 786
570 786
547 786
786 880
21 786
595 787
787 903
204 787
232 787
787 836
149 787
787 885
27 787
448 787
504 787
526 788
505 788
568 788
788 899
78 788
146 788
764 788
732 788
340 788
788 831
789 858
235 789
239 789
789 897
679 789
722 789
310 789
692 789
465 789
82 789
259 790
176 790
650 790
413 790
363 790
309 790
644 790
790 837
754 790
59 790
430 791
791 982
771 791
578 791
471 791
791 792
442 791
765 791
2 791
664 791
669 792
400 792
525 792
792 843
594 792
792 888
180 792
792 917
792 877
621 793
647 793
304 793
793 946
406 793
747 793
793 959
793 995
383 793
485 793
483 794
794 934
794 923
696 794
177 794
437 794
794 979
794 870
794 847
405 794
81 795
384 795
795 815
795 981
93 795
795 799
105 795
79 795
233 795
549 795
796 956
770 796
273 796
22 796
796 982
198 796
667 796
796 902
69 796
796 821
720 797
483 797
283 797
797 920
339 797
217 797
644 797
723 797
320 797
665 797
798 860
67 798
770 798
798 878
643 798
581 798
277 798
452 798
208 798
352 798
455 799
17 799
480 799
799 897
538 799
589 799
427 799
40 799
718 799
494 799
800 851
491 800
77 800
472 800
167 800
686 800
34 800
318 800
455 800
90 801
801 805
801 959
320 801
198 801
521 801
801 949
280 801
564 801
230 802
160 802
802 855
188 802
99 802
265 802
658 802
266 802
802 915
178 802
746 803
584 803
352 803
803 868
617 803
96 803
179 803
747 803
803 865
17 803
348 804
743 804
304 804
748 804
236 804
804 839
120 804
105 804
521 804
323 805
805 914
730 805
805 871
436 805
332 805
779 805
491 805
651 805
723 805
806 933
806 946
806 881
250 806
404 806
174 806
359 806
34 806
125 806
660 806
249 807
461 807
797 807
605 807
680 807
665 807
509 807
505 807
652 807
807 812
401 808
222 808
390 808
442 808
46 808
386 808
43 808
96 808
808 988
808 868
543 809
624 809
320 809
535 809
481 809
471 809
93 809
156 809
405 809
170 809
105 810
236 810
648 810
498 810
631 810
69 810
537 810
556 810
810 969
805 810
146 811
261 811
811 925
505 811
648 811
811 939
811 967
673 811
153 811
508 811
597 812
588 812
585 812
812 835
491 812
684 812
812 945
683 812
404 812
372 812
75 813
764 813
813 969
546 813
813 953
673 813
9 813
813 881
35 813
651 813
682 814
547 814
727 814
424 814
61 814
79 814
814 877
814 998
738 814
814 857
29 815
815 977
628 815
815 924
633 815
535 815
114 815
393 815
278 815
559 815
553 816
77 816
816 882
135 816
816 906
677 816
694 816
536 816
731 816
68 816
746 817
44 817
817 876
376 817
449 817
463 817
817 974
109 817
666 817
338 817
709 818
461 818
818 831
72 818
541 818
419 818
592 818
818 899
818 947
316 818
755 819
226 819
819 955
25 819
565 819
788 819
543 819
731 819
581 819
819 895
80 820
575 820
682 820
388 820
820 824
524 820
46 820
323 820
662 820
110 821
221 821
821 848
84 821
667 821
821 968
125 821
821 976
669 821
187 821
404 822
592 822
822 974
649 822
760 822
681 822
266 822
564 822
9 822
822 998
167 823
496 823
305 823
356 823
513 823
823 893
823 879
823 919
48 823
823 988
824 882
573 824
334 824
824 963
824 834
269 824
64 824
426 824
470 824
824 952
651 825
266 825
57 825
825 956
825 933
543 825
655 825
241 825
825 841
693 825
71 826
364 826
826 891
47 826
99 826
517 826
510 826
354 826
311 826
449 826
551 827
827 920
188 827
30 827
538 827
607 827
827 971
723 827
827 985
347 827
492 828
268 828
828 977
324 828
802 828
125 828
476 828
40 828
776 828
718 828
524 829
36 829
475 829
419 829
746 829
829 858
488 829
572 829
829 992
153 829
830 911
90 830
685 830
508 830
581 830
303 830
676 830
130 830
193 830
831 925
492 831
205 831
223 831
381 831
592 831
610 831
549 831
525 831
831 894
706 832
627 832
197 832
459 832
140 832
166 832
272 832
59 832
84 832
208 833
242 833
424 833
795 833
833 936
491 833
610 833
547 833
52 833
406 833
446 834
45 834
553 834
834 867
834 957
744 834
678 834
834 885
676 834
604 834
128 835
170 835
237 835
451 835
821 835
672 835
665 835
835 847
91 835
657 835
350 836
812 836
836 937
181 836
481 836
176 836
206 836
836 875
184 836
342 837
646 837
275 837
532 837
837 851
648 837
322 837
801 837
207 837
645 837
34 838
387 838
25 838
753 838
5 838
278 838
768 838
838 952
542 838
838 936
187 839
755 839
43 839
125 839
694 839
91 839
330 839
317 839
285 839
742 839
691 840
567 840
814 840
840 939
605 840
797 840
102 840
206 840
321 840
840 898
226 841
349 841
39 841
841 951
569 841
137 841
648 841
260 841
789 841
841 910
639 842
159 842
452 842
416 842
531 842
52 842
443 842
217 842
495 842
554 843
777 843
249 843
103 843
162 843
332 843
710 843
499 843
383 843
747 843
57 844
765 844
249 844
680 844
412 844
757 844
277 844
17 844
1 844
118 844
842 845
740 845
845 855
141 845
425 845
20 845
648 845
845 919
577 845
354 845
148 846
774 846
322 846
846 959
646 846
391 846
846 917
262 846
846 1001
140 846
41 847
816 847
613 847
82 847
847 993
467 847
224 847
117 847
361 847
531 847
650 848
652 848
166 848
399 848
663 848
770 848
848 909
214 848
534 848
848 938
849 907
737 849
560 849
137 849
698 849
230 849
817 849
194 849
584 849
566 849
179 850
730 850
663 850
582 850
293 850
753 850
256 850
278 850
850 894
340 850
851 894
190 851
470 851
435 851
204 851
848 851
349 851
617 851
230 851
851 940
802 852
726 852
852 927
745 852
657 852
330 852
399 852
37 852
349 852
706 852
260 853
280 853
853 949
389 853
853 903
853 859
853 957
750 853
251 853
646 853
356 854
80 854
680 854
141 854
447 854
827 854
807 854
281 854
627 854
116 854
464 855
565 855
710 855
767 855
351 855
855 999
141 855
741 855
571 855
675 855
698 856
800 856
748 856
713 856
471 856
430 856
805 856
856 935
119 856
661 856
857 987
114 857
857 974
243 857
604 857
372 857
635 857
455 857
89 857
445 858
858 995
358 858
114 858
571 858
81 858
218 858
143 858
858 994
473 858
60 859
369 859
555 859
126 859
296 859
310 859
480 859
14 859
269 859
859 966
411 860
459 860
170 860
249 860
578 860
714 860
57 860
465 860
453 860
349 860
817 861
359 861
861 926
435 861
539 861
425 861
652 861
375 861
54 861
390 861
419 862
633 862
862 886
862 881
862 876
822 862
684 862
849 862
21 862
673 862
406 863
283 863
863 961
56 863
539 863
579 863
45 863
363 863
508 863
325 863
559 864
221 864
93 864
598 864
527 864
92 864
864 921
733 864
336 864
181 864
506 865
523 865
269 865
373 865
48 865
258 865
865 905
366 865
312 865
246 865
866 952
866 978
403 866
553 866
168 866
111 866
88 866
866 868
841 866
103 866
69 867
478 867
558 867
173 867
621 867
158 867
151 867
357 867
714 867
335 867
746 868
662 868
602 868
447 868
844 868
550 868
686 868
854 868
851 868
829 868
262 869
321 869
757 869
537 869
472 869
715 869
333 869
179 869
98 869
201 869
269 870
483 870
168 870
53 870
9 870
171 870
851 870
870 978
591 870
518 870
737 871
871 951
579 871
826 871
219 871
128 871
570 871
140 871
822 871
250 871
710 872
833 872
640 872
187 872
344 872
287 872
423 872
524 872
346 872
872 943
20 873
848 873
280 873
343 873
402 873
61 873
493 873
456 873
323 873
873 892
201 874
244 874
384 874
861 874
874 889
712 874
34 874
740 874
675 874
500 874
875 910
268 875
651 875
833 875
819 875
619 875
875 979
762 875
306 875
624 875
689 876
297 876
876 940
876 927
549 876
416 876
806 876
355 876
13 876
90 876
877 999
861 877
823 877
152 877
407 877
308 877
365 877
445 877
706 877
333 877
314 878
590 878
878 911
442 878
523 878
4 878
32 878
401 878
119 878
612 878
673 879
389 879
374 879
487 879
182 879
233 879
735 879
188 879
356 879
826 880
307 880
697 880
831 880
89 880
824 880
782 880
880 997
377 880
878 880
655 881
115 881
851 881
512 881
528 881
141 881
394 881
57 881
609 881
882 897
882 945
593 882
882 960
55 882
394 882
183 882
882 989
842 882
771 882
883 934
40 883
619 883
693 883
696 883
840 883
883 993
572 883
883 995
460 883
347 884
281 884
663 884
185 884
884 894
177 884
27 884
595 884
533 884
61 884
885 894
706 885
266 885
631 885
340 885
823 885
649 885
598 885
796 885
260 885
739 886
93 886
696 886
294 886
302 886
339 886
502 886
40 886
771 886
424 887
487 887
74 887
374 887
631 887
400 887
684 887
810 887
571 887
854 888
832 888
870 888
622 888
111 888
340 888
601 888
321 888
888 915
370 888
667 889
609 889
446 889
407 889
357 889
17 889
166 889
89 889
889 982
74 889
631 890
764 890
739 890
890 926
609 890
617 890
50 890
377 890
890 979
365 890
382 891
280 891
814 891
307 891
225 891
68 891
27 891
86 891
552 891
305 891
49 892
28 892
370 892
777 892
127 892
363 892
495 892
7 892
306 892
544 893
374 893
893 947
577 893
102 893
397 893
765 893
33 893
734 893
145 894
425 894
894 901
487 894
513 894
651 894
276 894
202 894
660 894
336 894
815 895
739 895
788 895
20 895
895 918
895 948
104 895
801 895
327 895
57 895
867 896
629 896
74 896
765 896
39 896
704 896
849 896
437 896
140 896
130 896
92 897
713 897
85 897
206 897
431 897
897 936
888 897
826 897
325 897
190 897
601 898
196 898
545 898
630 898
735 898
142 898
748 898
207 898
898 962
71 898
47 899
517 899
190 899
494 899
18 899
845 899
141 899
84 899
895 899
433 900
744 900
479 900
416 900
360 900
682 900
72 900
875 900
410 900
675 900
675 901
237 901
699 901
165 901
475 901
120 901
126 901
759 901
901 981
676 902
478 902
884 902
150 902
902 914
278 902
375 902
703 902
440 902
738 902
773 903
796 903
296 903
898 903
497 903
903 934
374 903
104 903
817 903
481 903
658 904
621 904
598 904
803 904
35 904
686 904
459 904
64 904
651 904
744 904
859 905
571 905
905 959
80 905
418 905
298 905
41 905
627 905
52 905
905 947
366 906
369 906
797 906
453 906
399 906
772 906
232 906
336 906
195 906
509 906
466 907
615 907
652 907
907 971
651 907
663 907
627 907
907 983
636 907
134 907
354 908
454 908
537 908
401 908
604 908
908 994
351 908
735 908
769 908
44 908
49 909
909 954
635 909
312 909
265 909
292 909
535 909
420 909
589 909
639 909
717 910
890 910
623 910
794 910
746 910
707 910
138 910
558 910
478 910
579 910
330 911
478 911
911 996
110 911
651 911
331 911
911 914
306 911
357 911
677 911
708 912
100 912
760 912
839 912
832 912
147 912
648 912
912 1000
43 912
450 912
913 962
156 913
732 913
801 913
913 971
828 913
321 913
865 913
552 913
77 914
123 914
121 914
914 972
914 924
789 914
443 914
914 990
845 914
717 915
710 915
364 915
762 915
873 915
459 915
908 915
867 915
247 915
863 915
24 916
729 916
598 916
601 916
701 916
705 916
76 916
916 928
339 916
197 916
456 917
128 917
95 917
708 917
917 934
800 917
767 917
233 917
177 917
647 917
918 991
81 918
249 918
820 918
681 918
120 918
41 918
121 918
598 918
918 953
832 919
806 919
528 919
260 919
839 919
837 919
35 919
558 919
354 919
43 919
412 920
545 920
422 920
67 920
534 920
293 920
548 920
134 920
267 920
883 921
374 921
679 921
620 921
682 921
1 921
533 921
565 921
823 921
834 921
36 922
198 922
86 922
479 922
23 922
127 922
705 922
532 922
206 922
427 922
820 923
818 923
443 923
526 923
753 923
716 923
555 923
169 923
737 923
923 962
696 924
343 924
42 924
806 924
464 924
118 924
924 979
102 924
55 924
653 924
544 925
334 925
795 925
262 925
175 925
866 925
615 925
925 992
647 925
42 926
319 926
95 926
825 926
926 995
462 926
887 926
573 926
442 926
820 926
412 927
502 927
191 927
92 927
581 927
763 927
454 927
301 927
693 927
402 927
928 960
413 928
749 928
803 928
345 928
467 928
849 928
908 928
928 948
159 928
368 929
906 929
327 929
826 929
619 929
929 960
302 929
251 929
221 929
622 929
75 930
689 930
695 930
331 930
923 930
270 930
419 930
930 980
591 930
58 930
347 931
186 931
637 931
757 931
445 931
863 931
439 931
668 931
690 931
159 931
430 932
96 932
207 932
804 932
231 932
25 932
648 932
761 932
88 932
755 932
415 933
368 933
893 933
42 933
933 938
256 933
493 933
551 933
448 933
934 966
361 934
405 934
621 934
59 934
521 934
934 952
188 934
272 934
650 934
512 935
407 935
352 935
818 935
603 935
111 935
302 935
672 935
649 935
511 935
746 936
324 936
922 936
375 936
14 936
891 936
893 936
29 936
524 936
268 936
527 937
152 937
447 937
116 937
937 993
774 937
870 937
648 937
910 937
843 937
277 938
232 938
525 938
938 972
730 938
903 938
938 958
603 938
318 938
365 939
625 939
63 939
460 939
71 939
81 939
231 939
432 939
723 939
682 939
686 940
763 940
609 940
15 940
869 940
557 940
346 940
613 940
199 940
510 940
46 941
234 941
228 941
251 941
855 941
484 941
369 941
128 941
870 941
783 941
691 942
118 942
942 966
591 942
455 942
942 972
287 942
495 942
754 942
712 942
943 981
104 943
840 943
569 943
262 943
162 943
366 943
383 943
943 957
399 943
620 944
735 944
742 944
883 944
171 944
357 944
824 944
570 944
780 944
944 957
137 945
294 945
796 945
683 945
16 945
807 945
193 945
376 945
639 945
283 945
554 946
221 946
395 946
737 946
890 946
438 946
6 946
66 946
506 946
946 970
65 947
729 947
825 947
680 947
360 947
273 947
882 947
506 947
28 947
520 947
460 948
651 948
442 948
947 948
412 948
121 948
552 948
735 948
578 948
297 948
366 949
667 949
214 949
944 949
835 949
39 949
933 949
872 949
420 949
821 949
883 950
824 950
531 950
715 950
816 950
342 950
543 950
701 950
628 950
951 982
531 951
658 951
895 951
288 951
490 951
781 951
739 951
49 951
459 951
532 952
562 952
342 952
93 952
43 952
269 952
390 952
381 952
446 952
208 952
452 953
311 953
510 953
799 953
177 953
749 953
464 953
476 953
570 953
837 953
511 954
708 954
822 954
375 954
103 954
613 954
544 954
867 954
334 954
954 989
821 955
472 955
955 961
655 955
727 955
310 955
955 963
728 955
119 955
175 955
567 956
340 956
517 956
837 956
151 956
226 956
110 956
861 956
446 956
568 956
359 957
631 957
893 957
621 957
589 957
271 957
892 957
102 957
235 957
923 957
141 958
958 974
863 958
900 958
754 958
170 958
932 958
511 958
356 958
660 958
97 959
954 959
486 959
429 959
150 959
785 959
913 959
789 959
202 959
777 959
462 960
624 960
419 960
960 999
38 960
498 960
165 960
451 960
254 960
924 960
86 961
810 961
935 961
442 961
553 961
843 961
277 961
34 961
489 961
402 961
845 962
444 962
220 962
853 962
508 962
601 962
283 962
356 962
811 962
887 962
411 963
713 963
374 963
297 963
195 963
743 963
499 963
441 963
747 963
559 964
902 964
571 964
54 964
683 964
612 964
221 964
180 964
773 964
92 964
420 965
77 965
137 965
228 965
440 965
396 965
375 965
965 993
464 965
120 965
682 966
243 966
966 984
214 966
232 966
553 966
547 966
377 966
899 966
168 966
615 967
174 967
593 967
423 967
905 967
464 967
685 967
298 967
650 967
884 967
57 968
44 968
26 968
627 968
558 968
665 968
968 996
701 968
458 968
965 968
438 969
280 969
343 969
940 969
439 969
304 969
526 969
571 969
311 969
787 969
485 970
587 970
527 970
819 970
320 970
53 970
309 970
676 970
154 970
379 970
707 971
38 971
491 971
437 971
761 971
527 971
613 971
810 971
568 971
388 971
515 972
38 972
383 972
1 972
702 972
180 972
410 972
632 972
504 972
763 972
683 973
31 973
558 973
488 973
174 973
343 973
395 973
973 988
676 973
678 973
583 974
454 974
843 974
685 974
619 974
974 987
479 974
974 986
909 974
479 975
514 975
419 975
165 975
80 975
50 975
743 975
865 975
217 975
27 975
605 976
193 976
198 976
224 976
584 976
181 976
409 976
596 976
965 976
2 976
309 977
710 977
908 977
414 977
549 977
805 977
70 977
586 977
576 977
264 977
534 978
678 978
204 978
169 978
852 978
559 978
851 978
369 978
760 978
784 978
517 979
311 979
27 979
944 979
626 979
161 979
962 979
459 979
979 986
857 979
201 980
593 980
138 980
765 980
781 980
575 980
430 980
761 980
350 980
896 980
686 981
93 981
776 981
942 981
443 981
145 981
977 981
700 981
95 981
302 981
139 982
725 982
732 982
694 982
714 982
671 982
47 982
863 982
54 982
779 983
50 983
595 983
523 983
638 983
750 983
646 983
182 983
339 983
625 983
549 984
204 984
397 984
205 984
755 984
61 984
684 984
377 984
869 984
957 984
957 985
922 985
727 985
163 985
738 985
983 985
463 985
611 985
843 985
205 985
913 986
500 986
763 986
456 986
527 986
919 986
71 986
476 986
227 986
518 986
979 987
78 987
58 987
778 987
896 987
649 987
561 987
589 987
395 987
618 988
275 988
84 988
895 988
781 988
727 988
977 988
483 988
634 988
553 988
259 989
519 989
196 989
457 989
773 989
860 989
226 989
899 989
407 989
49 990
377 990
11 990
263 990
557 990
367 990
469 990
540 990
924 990
935 990
471 991
148 991
146 991
565 991
682 991
628 991
315 991
812 991
212 991
808 991
456 992
693 992
502 992
79 992
101 992
899 992
93 992
816 992
742 992
96 993
895 993
777 993
55 993
504 993
963 993
164 993
583 993
232 993
23 993
308 994
482 994
67 994
437 994
972 994
234 994
794 994
516 994
641 994
808 994
239 995
920 995
871 995
398 995
307 995
54 995
989 995
104 995
293 995
454 996
491 996
984 996
200 996
67 996
829 996
814 996
739 996
549 996
175 997
376 997
788 997
876 997
920 997
695 997
186 997
484 997
34 997
440 997
433 998
348 998
46 998
145 998
129 998
118 998
859 998
957 998
375 998
592 998
589 999
60 999
4 999
805 999
892 999
457 999
568 999
30 999
796 999
910 999
336 1000
166 1000
653 1000
735 1000
955 1000
316 1000
481 1000
981 1000
938 1000
2 1000
950 1001
720 1001
214 1001
186 1001
704 1001
628 1001
903 1001
736 1001
709 1001
966 1002
206 1002
849 1002
405 1002
781 1002
993 1002
22 1002
846 1002
613 1002
12 1002
