Read instance with 50 players, 25 conflicts, budget 500
Max iterations = 1000
Seed = 1
Initial solution has 31 teams.
(0.003) New solution found in LS: 28 teams.

========== Current Solution ==========
Total teams: 28

Team    Budget         Players (id:salary)
--------------------------------------------------
0       224            49, 
1       5              23, 24, 
2       6              33, 10, 
3       1              41, 7, 
4       13             17, 22, 
5       1              48, 0, 
6       2              5, 42, 
7       7              2, 40, 
8       2              11, 36, 
9       5              43, 1, 
10      23             16, 13, 
11      227            46, 
12      5              35, 9, 
13      15             26, 8, 
14      2              44, 3, 
15      226            47, 
16      3              34, 12, 
17      5              38, 6, 
18      1              27, 21, 
19      8              37, 4, 
20      228            45, 
21      2              29, 18, 
22      4              25, 20, 
23      2              32, 15, 
24      5              30, 14, 
25      242            31, 
26      2              28, 19, 
27      234            39, 
======================================
(0.006) New solution found in LS: 27 teams.

========== Current Solution ==========
Total teams: 27

Team    Budget         Players (id:salary)
--------------------------------------------------
0       224            49, 
1       5              23, 24, 
2       7              33, 9, 
3       1              41, 7, 
4       13             17, 22, 
5       1              48, 0, 
6       2              5, 42, 
7       7              2, 40, 
8       2              11, 36, 
9       5              43, 1, 
10      227            46, 
11      4              35, 10, 
12      2              8, 39, 
13      2              44, 3, 
14      226            47, 
15      3              34, 12, 
16      5              38, 6, 
17      1              21, 27, 
18      8              37, 4, 
19      228            45, 
20      2              29, 18, 
21      4              25, 20, 
22      2              32, 15, 
23      5              30, 14, 
24      5              31, 13, 
25      2              28, 19, 
26      7              26, 16, 
======================================

Time limit of 300s reached.

ILS finished after 84388 iterations.
Final solution uses 27 teams.
