Read instance with 1003 players, 9913 conflicts, budget 65088
Max iterations = 1000
Seed = 1
Initial solution has 342 teams.
(0.566) New solution found in LS: 338 teams.

========== Current Solution ==========
Total teams: 338

Team    Budget         Players (id:salary)
--------------------------------------------------
0       1071           153, 692, 940, 944, 983, 992, 995, 991, 898, 
1       48             288, 372, 830, 1002, 999, 1001, 
2       3474           278, 384, 
3       5716           143, 743, 796, 
4       6              26, 601, 998, 
5       149            422, 457, 319, 985, 980, 989, 
6       64             65, 665, 832, 993, 1000, 
7       158            89, 733, 765, 855, 986, 
8       40             166, 487, 914, 
9       72             218, 428, 973, 
10      340            66, 581, 996, 
11      47             285, 361, 883, 
12      292            10, 710, 800, 
13      88             209, 477, 727, 997, 
14      146            412, 239, 852, 
15      20             88, 652, 739, 
16      430            174, 687, 599, 935, 
17      29             83, 696, 738, 984, 
18      29             513, 215, 768, 742, 990, 
19      308            123, 711, 654, 994, 
20      104            62, 691, 853, 889, 
21      63             119, 606, 857, 860, 
22      236            55, 658, 826, 
23      66             11, 660, 975, 
24      173            107, 720, 712, 844, 
25      139            337, 458, 459, 515, 951, 
26      274            30, 625, 988, 
27      524            22, 779, 716, 
28      356            7, 686, 884, 
29      484            159, 541, 881, 878, 
30      4              163, 640, 849, 719, 981, 
31      868            25, 699, 856, 
32      194            294, 380, 702, 886, 
33      172            290, 402, 630, 987, 
34      209            142, 544, 789, 
35      264            331, 472, 401, 814, 
36      103            172, 466, 
37      550            75, 611, 912, 
38      790            342, 345, 539, 974, 
39      120            160, 638, 709, 963, 955, 
40      260            255, 436, 737, 778, 
41      300            269, 377, 960, 
42      19             261, 550, 530, 761, 962, 
43      408            272, 369, 
44      696            128, 603, 746, 
45      860            328, 332, 872, 899, 
46      644            136, 531, 933, 
47      265            54, 662, 819, 
48      538            161, 602, 681, 
49      676            71, 620, 924, 
50      24             277, 370, 979, 
51      358            100, 567, 948, 
52      801            226, 443, 763, 
53      792            224, 455, 798, 906, 
54      129            230, 626, 549, 788, 943, 
55      308            63, 607, 961, 
56      20             69, 664, 875, 927, 
57      8              15, 714, 885, 897, 
58      120            9, 735, 748, 
59      361            177, 510, 736, 
60      36             24, 717, 851, 903, 
61      317            207, 554, 588, 
62      42             211, 435, 942, 
63      750            49, 648, 928, 
64      742            51, 594, 
65      824            259, 382, 
66      21             104, 551, 978, 
67      515            358, 360, 475, 799, 817, 
68      188            191, 502, 841, 787, 
69      871            234, 403, 
70      887            282, 397, 682, 
71      64             271, 491, 540, 808, 982, 
72      240            231, 512, 580, 936, 
73      334            18, 669, 953, 
74      48             296, 350, 921, 
75      720            258, 501, 505, 
76      72             317, 343, 707, 958, 
77      616            121, 516, 
78      902            164, 482, 
79      1043           225, 468, 706, 
80      477            202, 433, 
81      416            175, 523, 728, 
82      895            206, 598, 561, 
83      517            40, 668, 882, 
84      884            291, 386, 695, 
85      362            236, 521, 520, 
86      83             204, 494, 834, 840, 970, 
87      279            180, 453, 
88      23             59, 609, 920, 
89      168            146, 560, 831, 937, 
90      6              45, 616, 971, 
91      29             152, 547, 880, 867, 
92      352            203, 456, 821, 
93      976            90, 564, 
94      304            321, 390, 480, 
95      332            244, 395, 
96      732            270, 426, 629, 
97      50             139, 528, 842, 
98      18             13, 730, 740, 
99      198            115, 587, 771, 
100     670            110, 532, 
101     186            0, 697, 861, 
102     180            295, 416, 546, 887, 
103     851            196, 473, 812, 
104     36             247, 461, 677, 848, 
105     169            293, 365, 820, 895, 
106     24             228, 486, 698, 829, 
107     209            41, 584, 
108     186            117, 574, 805, 
109     398            279, 440, 524, 
110     520            311, 333, 753, 
111     364            3, 689, 904, 
112     495            233, 414, 925, 
113     56             198, 470, 772, 
114     1034           12, 649, 
115     627            81, 595, 966, 
116     15             214, 543, 572, 
117     9              325, 341, 673, 
118     612            84, 557, 
119     61             120, 555, 843, 
120     686            112, 589, 824, 
121     107            199, 504, 726, 905, 
122     78             216, 449, 751, 
123     762            68, 578, 
124     481            208, 497, 744, 890, 
125     726            194, 509, 752, 931, 
126     702            106, 537, 
127     158            254, 383, 
128     26             394, 260, 810, 
129     464            94, 545, 
130     175            124, 750, 674, 866, 
131     108            221, 437, 793, 
132     726            241, 409, 969, 
133     402            111, 754, 678, 949, 
134     997            171, 476, 
135     144            280, 444, 705, 759, 749, 
136     119            141, 722, 762, 825, 784, 
137     281            114, 548, 941, 
138     34             95, 659, 813, 894, 
139     244            192, 439, 
140     728            265, 378, 
141     492            246, 399, 972, 
142     10             304, 387, 636, 870, 
143     440            313, 367, 600, 930, 
144     1067           249, 431, 718, 
145     328            109, 525, 
146     832            248, 392, 
147     358            348, 347, 492, 
148     542            37, 684, 859, 
149     496            134, 624, 806, 836, 
150     79             47, 783, 715, 976, 
151     550            105, 656, 729, 
152     8              29, 637, 954, 
153     381            257, 478, 653, 724, 
154     93             170, 506, 794, 
155     333            339, 306, 946, 
156     49             167, 481, 977, 
157     155            201, 432, 
158     996            213, 511, 671, 
159     528            39, 767, 769, 910, 
160     318            43, 694, 775, 
161     221            398, 356, 411, 776, 896, 
162     258            190, 507, 773, 893, 
163     906            235, 463, 756, 795, 
164     330            61, 618, 956, 
165     384            97, 596, 835, 
166     1058           302, 357, 734, 
167     72             286, 389, 782, 804, 
168     454            157, 655, 627, 
169     168            103, 605, 777, 
170     582            57, 586, 
171     114            52, 633, 873, 
172     189            238, 471, 672, 929, 
173     562            327, 334, 755, 850, 
174     904            346, 298, 
175     606            379, 442, 415, 565, 747, 
176     352            56, 579, 
177     179            220, 447, 757, 
178     814            6, 646, 
179     640            58, 642, 908, 
180     737            98, 650, 764, 
181     436            82, 651, 781, 
182     80             35, 634, 950, 
183     128            1, 700, 838, 
184     55             284, 354, 957, 
185     1075           276, 499, 474, 
186     358            86, 585, 932, 
187     292            20, 608, 
188     236            14, 685, 854, 
189     700            80, 566, 
190     334            151, 488, 
191     894            323, 355, 575, 
192     21             308, 452, 485, 816, 967, 
193     145            4, 621, 
194     124            116, 570, 815, 
195     31             36, 641, 913, 
196     738            154, 536, 809, 
197     1094           344, 385, 430, 
198     260            185, 448, 
199     32             85, 590, 868, 
200     304            182, 450, 
201     178            315, 368, 613, 803, 
202     10             263, 413, 693, 
203     302            145, 522, 862, 
204     569            122, 582, 801, 
205     73             131, 517, 938, 
206     1026           222, 438, 846, 
207     824            34, 619, 
208     26             162, 519, 874, 916, 
209     96             281, 353, 
210     799            316, 359, 573, 
211     900            283, 373, 891, 
212     124            274, 407, 708, 909, 
213     7              91, 644, 828, 968, 
214     794            149, 493, 
215     327            320, 340, 721, 907, 
216     1110           307, 352, 845, 
217     1104           155, 529, 869, 
218     332            108, 604, 780, 
219     124            102, 526, 
220     699            223, 464, 704, 
221     638            28, 612, 
222     496            303, 375, 680, 
223     774            318, 336, 732, 959, 
224     928            44, 675, 917, 
225     243            189, 469, 871, 
226     52             217, 429, 965, 
227     938            173, 670, 676, 901, 
228     248            243, 405, 926, 
229     416            176, 460, 
230     256            256, 391, 952, 
231     1104           324, 366, 569, 
232     4              300, 349, 919, 
233     633            184, 451, 
234     522            219, 489, 760, 797, 
235     368            178, 632, 643, 902, 
236     442            46, 591, 
237     492            245, 419, 745, 
238     284            8, 622, 
239     1062           16, 647, 
240     56             42, 657, 837, 
241     196            299, 364, 703, 
242     1032           266, 423, 683, 
243     31             60, 568, 
244     980            118, 563, 939, 
245     328            17, 679, 947, 
246     773            240, 425, 790, 
247     544            158, 538, 766, 
248     677            87, 558, 
249     62             297, 420, 490, 
250     980            129, 593, 785, 
251     342            132, 542, 839, 
252     1113           292, 483, 535, 792, 807, 
253     476            183, 576, 631, 
254     942            140, 639, 701, 
255     158            78, 617, 833, 
256     202            50, 623, 934, 
257     591            252, 410, 774, 
258     168            73, 592, 964, 
259     905            250, 484, 635, 818, 
260     969            264, 508, 498, 
261     289            197, 503, 688, 
262     966            179, 495, 823, 
263     680            31, 614, 
264     150            79, 553, 
265     364            310, 371, 645, 
266     130            133, 527, 900, 
267     750            156, 514, 864, 
268     326            229, 427, 858, 
269     437            262, 408, 731, 
270     996            126, 628, 741, 
271     178            169, 610, 822, 786, 888, 
272     290            232, 400, 
273     994            92, 562, 
274     243            322, 374, 615, 911, 876, 
275     392            113, 518, 
276     1130           5, 663, 
277     697            195, 583, 690, 791, 
278     82             101, 559, 945, 
279     370            27, 713, 879, 923, 
280     456            287, 363, 922, 
281     586            21, 723, 770, 
282     122            127, 534, 918, 
283     115            309, 335, 863, 
284     814            144, 500, 
285     104            70, 725, 758, 877, 
286     865            99, 552, 
287     632            312, 362, 811, 865, 827, 915, 
288     1304           187, 465, 
289     1284           237, 406, 
290     458            38, 597, 
291     984            210, 434, 
292     1133           64, 892, 661, 
293     137            96, 533, 
294     2872           23, 847, 802, 
295     5090           205, 496, 
296     4034           150, 571, 
297     1070           77, 577, 
298     2076           165, 667, 666, 
299     2563           130, 556, 
300     432            181, 454, 
301     7876           53, 
302     8589           76, 
303     1100           338, 301, 
304     2229           267, 388, 
305     11164          135, 
306     9717           275, 445, 
307     7728           48, 
308     283            330, 326, 
309     11280          137, 
310     11535          305, 418, 
311     9116           93, 
312     8288           67, 
313     2850           253, 404, 
314     10480          125, 
315     6532           2, 
316     1280           273, 376, 
317     7312           32, 
318     1794           227, 421, 
319     982            168, 479, 
320     2165           193, 462, 
321     8549           74, 
322     6266           289, 396, 
323     6080           314, 351, 
324     1523           200, 446, 
325     6940           19, 
326     11704          148, 
327     11640          147, 
328     8467           72, 
329     3433           242, 424, 
330     1649           268, 381, 
331     1417           186, 467, 
332     7331           33, 
333     14496          188, 
334     403            329, 441, 417, 
335     1080           251, 393, 
336     16506          212, 
337     11388          138, 
======================================

Time limit of 300s reached.

ILS finished after 356 iterations.
Final solution uses 338 teams.
